This Tile 2 2
10 10 10 10 9 10 10 10 10 9 10 10 10 10 9 10 10 10 10 9 
This Tile 2 3
10 10 10 10 9 10 10 10 10 9 10 10 10 10 9 10 10 10 10 9 
This Tile 2 4
10 10 10 10 9 10 10 10 10 9 10 10 10 10 9 10 10 10 10 9 
This Tile 3 2
10 10 10 10 9 10 10 10 10 9 10 10 10 10 9 10 10 10 10 9 
This Tile 3 3
10 10 10 10 9 10 10 10 10 9 10 10 10 10 9 10 10 10 10 9 
This Tile 3 4
10 10 10 10 9 10 10 10 10 9 10 10 10 10 9 10 10 10 10 9 
This Tile 4 2
10 10 10 10 9 10 10 10 10 9 10 10 10 10 9 10 10 10 10 9 
This Tile 4 3
10 10 10 10 9 10 10 10 10 9 10 10 10 10 9 10 10 10 10 9 
This Tile 4 4
10 10 10 10 9 10 10 10 10 9 10 10 10 10 9 10 10 10 10 9 
