This Tile 2 2
11 11 10 10 10 10 10 10 10 10 11 11 10 10 10 10 10 10 10 10 11 11 10 10 10 10 10 10 10 10 11 11 10 10 10 10 10 10 10 10 
This Tile 2 3
11 11 10 10 10 10 10 10 10 10 11 11 10 10 10 10 10 10 10 10 11 11 10 10 10 10 10 10 10 10 11 11 10 10 10 10 10 10 10 10 
This Tile 2 4
11 11 10 10 10 10 10 10 10 10 11 11 10 10 10 10 10 10 10 10 11 11 10 10 10 10 10 10 10 10 11 11 10 10 10 10 10 10 10 10 
This Tile 2 5
11 11 10 10 10 10 10 10 10 10 11 11 10 10 10 10 10 10 10 10 11 11 10 10 10 10 10 10 10 10 11 11 10 10 10 10 10 10 10 10 
This Tile 2 6
11 11 10 10 10 10 10 10 10 10 11 11 10 10 10 10 10 10 10 10 11 11 10 10 10 10 10 10 10 10 11 11 10 10 10 10 10 10 10 10 
This Tile 2 7
11 11 10 10 10 10 10 10 10 10 11 11 10 10 10 10 10 10 10 10 11 11 10 10 10 10 10 10 10 10 11 11 10 10 10 10 10 10 10 10 
This Tile 2 8
11 11 10 10 10 10 10 10 10 10 11 11 10 10 10 10 10 10 10 10 11 11 10 10 10 10 10 10 10 10 11 11 10 10 10 10 10 10 10 10 
This Tile 2 9
11 11 10 10 10 10 10 10 10 10 11 11 10 10 10 10 10 10 10 10 11 11 10 10 10 10 10 10 10 10 11 11 10 10 10 10 10 10 10 10 
This Tile 2 10
11 11 10 10 10 10 10 10 10 10 11 11 10 10 10 10 10 10 10 10 11 11 10 10 10 10 10 10 10 10 11 11 10 10 10 10 10 10 10 10 
This Tile 2 11
11 11 10 10 10 10 10 10 10 10 11 11 10 10 10 10 10 10 10 10 11 11 10 10 10 10 10 10 10 10 11 11 10 10 10 10 10 10 10 10 
This Tile 2 12
11 11 10 10 10 10 10 10 10 10 11 11 10 10 10 10 10 10 10 10 11 11 10 10 10 10 10 10 10 10 11 11 10 10 10 10 10 10 10 10 
This Tile 2 13
11 11 10 10 10 10 10 10 10 10 11 11 10 10 10 10 10 10 10 10 11 11 10 10 10 10 10 10 10 10 11 11 10 10 10 10 10 10 10 10 
This Tile 2 14
11 11 10 10 10 10 10 10 10 10 11 11 10 10 10 10 10 10 10 10 11 11 10 10 10 10 10 10 10 10 11 11 10 10 10 10 10 10 10 10 
This Tile 2 15
11 11 10 10 10 10 10 10 10 10 11 11 10 10 10 10 10 10 10 10 11 11 10 10 10 10 10 10 10 10 11 11 10 10 10 10 10 10 10 10 
This Tile 2 16
11 11 10 10 10 10 10 10 10 10 11 11 10 10 10 10 10 10 10 10 11 11 10 10 10 10 10 10 10 10 11 11 10 10 10 10 10 10 10 10 
This Tile 2 17
11 11 10 10 10 10 10 10 10 10 11 11 10 10 10 10 10 10 10 10 11 11 10 10 10 10 10 10 10 10 11 11 10 10 10 10 10 10 10 10 
This Tile 2 18
11 11 10 10 10 10 10 10 10 10 11 11 10 10 10 10 10 10 10 10 11 11 10 10 10 10 10 10 10 10 11 11 10 10 10 10 10 10 10 10 
This Tile 2 19
11 11 10 10 10 10 10 10 10 10 11 11 10 10 10 10 10 10 10 10 11 11 10 10 10 10 10 10 10 10 11 11 10 10 10 10 10 10 10 10 
This Tile 2 20
11 11 10 10 10 10 10 10 10 10 11 11 10 10 10 10 10 10 10 10 11 11 10 10 10 10 10 10 10 10 11 11 10 10 10 10 10 10 10 10 
This Tile 2 21
11 11 10 10 10 10 10 10 10 10 11 11 10 10 10 10 10 10 10 10 11 11 10 10 10 10 10 10 10 10 11 11 10 10 10 10 10 10 10 10 
This Tile 2 22
11 11 10 10 10 10 10 10 10 10 11 11 10 10 10 10 10 10 10 10 11 11 10 10 10 10 10 10 10 10 11 11 10 10 10 10 10 10 10 10 
This Tile 2 23
11 11 10 10 10 10 10 10 10 10 11 11 10 10 10 10 10 10 10 10 11 11 10 10 10 10 10 10 10 10 11 11 10 10 10 10 10 10 10 10 
This Tile 2 24
11 11 10 10 10 10 10 10 10 10 11 11 10 10 10 10 10 10 10 10 11 11 10 10 10 10 10 10 10 10 11 11 10 10 10 10 10 10 10 10 
This Tile 3 2
11 11 10 10 10 10 10 10 10 10 11 11 10 10 10 10 10 10 10 10 11 11 10 10 10 10 10 10 10 10 11 11 10 10 10 10 10 10 10 10 
This Tile 3 3
11 11 10 10 10 10 10 10 10 10 11 11 10 10 10 10 10 10 10 10 11 11 10 10 10 10 10 10 10 10 11 11 10 10 10 10 10 10 10 10 
This Tile 3 4
11 11 10 10 10 10 10 10 10 10 11 11 10 10 10 10 10 10 10 10 11 11 10 10 10 10 10 10 10 10 11 11 10 10 10 10 10 10 10 10 
This Tile 3 5
11 11 10 10 10 10 10 10 10 10 11 11 10 10 10 10 10 10 10 10 11 11 10 10 10 10 10 10 10 10 11 11 10 10 10 10 10 10 10 10 
This Tile 3 6
11 11 10 10 10 10 10 10 10 10 11 11 10 10 10 10 10 10 10 10 11 11 10 10 10 10 10 10 10 10 11 11 10 10 10 10 10 10 10 10 
This Tile 3 7
11 11 10 10 10 10 10 10 10 10 11 11 10 10 10 10 10 10 10 10 11 11 10 10 10 10 10 10 10 10 11 11 10 10 10 10 10 10 10 10 
This Tile 3 8
11 11 10 10 10 10 10 10 10 10 11 11 10 10 10 10 10 10 10 10 11 11 10 10 10 10 10 10 10 10 11 11 10 10 10 10 10 10 10 10 
This Tile 3 9
11 11 10 10 10 10 10 10 10 10 11 11 10 10 10 10 10 10 10 10 11 11 10 10 10 10 10 10 10 10 11 11 10 10 10 10 10 10 10 10 
This Tile 3 10
11 11 10 10 10 10 10 10 10 10 11 11 10 10 10 10 10 10 10 10 11 11 10 10 10 10 10 10 10 10 11 11 10 10 10 10 10 10 10 10 
This Tile 3 11
11 11 10 10 10 10 10 10 10 10 11 11 10 10 10 10 10 10 10 10 11 11 10 10 10 10 10 10 10 10 11 11 10 10 10 10 10 10 10 10 
This Tile 3 12
11 11 10 10 10 10 10 10 10 10 11 11 10 10 10 10 10 10 10 10 11 11 10 10 10 10 10 10 10 10 11 11 10 10 10 10 10 10 10 10 
This Tile 3 13
11 11 10 10 10 10 10 10 10 10 11 11 10 10 10 10 10 10 10 10 11 11 10 10 10 10 10 10 10 10 11 11 10 10 10 10 10 10 10 10 
This Tile 3 14
11 11 10 10 10 10 10 10 10 10 11 11 10 10 10 10 10 10 10 10 11 11 10 10 10 10 10 10 10 10 11 11 10 10 10 10 10 10 10 10 
This Tile 3 15
11 11 10 10 10 10 10 10 10 10 11 11 10 10 10 10 10 10 10 10 11 11 10 10 10 10 10 10 10 10 11 11 10 10 10 10 10 10 10 10 
This Tile 3 16
11 11 10 10 10 10 10 10 10 10 11 11 10 10 10 10 10 10 10 10 11 11 10 10 10 10 10 10 10 10 11 11 10 10 10 10 10 10 10 10 
This Tile 3 17
11 11 10 10 10 10 10 10 10 10 11 11 10 10 10 10 10 10 10 10 11 11 10 10 10 10 10 10 10 10 11 11 10 10 10 10 10 10 10 10 
This Tile 3 18
11 11 10 10 10 10 10 10 10 10 11 11 10 10 10 10 10 10 10 10 11 11 10 10 10 10 10 10 10 10 11 11 10 10 10 10 10 10 10 10 
This Tile 3 19
11 11 10 10 10 10 10 10 10 10 11 11 10 10 10 10 10 10 10 10 11 11 10 10 10 10 10 10 10 10 11 11 10 10 10 10 10 10 10 10 
This Tile 3 20
11 11 10 10 10 10 10 10 10 10 11 11 10 10 10 10 10 10 10 10 11 11 10 10 10 10 10 10 10 10 11 11 10 10 10 10 10 10 10 10 
This Tile 3 21
11 11 10 10 10 10 10 10 10 10 11 11 10 10 10 10 10 10 10 10 11 11 10 10 10 10 10 10 10 10 11 11 10 10 10 10 10 10 10 10 
This Tile 3 22
11 11 10 10 10 10 10 10 10 10 11 11 10 10 10 10 10 10 10 10 11 11 10 10 10 10 10 10 10 10 11 11 10 10 10 10 10 10 10 10 
This Tile 3 23
11 11 10 10 10 10 10 10 10 10 11 11 10 10 10 10 10 10 10 10 11 11 10 10 10 10 10 10 10 10 11 11 10 10 10 10 10 10 10 10 
This Tile 3 24
11 11 10 10 10 10 10 10 10 10 11 11 10 10 10 10 10 10 10 10 11 11 10 10 10 10 10 10 10 10 11 11 10 10 10 10 10 10 10 10 
This Tile 4 2
11 11 10 10 10 10 10 10 10 10 11 11 10 10 10 10 10 10 10 10 11 11 10 10 10 10 10 10 10 10 11 11 10 10 10 10 10 10 10 10 
This Tile 4 3
11 11 10 10 10 10 10 10 10 10 11 11 10 10 10 10 10 10 10 10 11 11 10 10 10 10 10 10 10 10 11 11 10 10 10 10 10 10 10 10 
This Tile 4 4
11 11 10 10 10 10 10 10 10 10 11 11 10 10 10 10 10 10 10 10 11 11 10 10 10 10 10 10 10 10 11 11 10 10 10 10 10 10 10 10 
This Tile 4 5
11 11 10 10 10 10 10 10 10 10 11 11 10 10 10 10 10 10 10 10 11 11 10 10 10 10 10 10 10 10 11 11 10 10 10 10 10 10 10 10 
This Tile 4 6
11 11 10 10 10 10 10 10 10 10 11 11 10 10 10 10 10 10 10 10 11 11 10 10 10 10 10 10 10 10 11 11 10 10 10 10 10 10 10 10 
This Tile 4 7
11 11 10 10 10 10 10 10 10 10 11 11 10 10 10 10 10 10 10 10 11 11 10 10 10 10 10 10 10 10 11 11 10 10 10 10 10 10 10 10 
This Tile 4 8
11 11 10 10 10 10 10 10 10 10 11 11 10 10 10 10 10 10 10 10 11 11 10 10 10 10 10 10 10 10 11 11 10 10 10 10 10 10 10 10 
This Tile 4 9
11 11 10 10 10 10 10 10 10 10 11 11 10 10 10 10 10 10 10 10 11 11 10 10 10 10 10 10 10 10 11 11 10 10 10 10 10 10 10 10 
This Tile 4 10
11 11 10 10 10 10 10 10 10 10 11 11 10 10 10 10 10 10 10 10 11 11 10 10 10 10 10 10 10 10 11 11 10 10 10 10 10 10 10 10 
This Tile 4 11
11 11 10 10 10 10 10 10 10 10 11 11 10 10 10 10 10 10 10 10 11 11 10 10 10 10 10 10 10 10 11 11 10 10 10 10 10 10 10 10 
This Tile 4 12
11 11 10 10 10 10 10 10 10 10 11 11 10 10 10 10 10 10 10 10 11 11 10 10 10 10 10 10 10 10 11 11 10 10 10 10 10 10 10 10 
This Tile 4 13
11 11 10 10 10 10 10 10 10 10 11 11 10 10 10 10 10 10 10 10 11 11 10 10 10 10 10 10 10 10 11 11 10 10 10 10 10 10 10 10 
This Tile 4 14
11 11 10 10 10 10 10 10 10 10 11 11 10 10 10 10 10 10 10 10 11 11 10 10 10 10 10 10 10 10 11 11 10 10 10 10 10 10 10 10 
This Tile 4 15
11 11 10 10 10 10 10 10 10 10 11 11 10 10 10 10 10 10 10 10 11 11 10 10 10 10 10 10 10 10 11 11 10 10 10 10 10 10 10 10 
This Tile 4 16
11 11 10 10 10 10 10 10 10 10 11 11 10 10 10 10 10 10 10 10 11 11 10 10 10 10 10 10 10 10 11 11 10 10 10 10 10 10 10 10 
This Tile 4 17
11 11 10 10 10 10 10 10 10 10 11 11 10 10 10 10 10 10 10 10 11 11 10 10 10 10 10 10 10 10 11 11 10 10 10 10 10 10 10 10 
This Tile 4 18
11 11 10 10 10 10 10 10 10 10 11 11 10 10 10 10 10 10 10 10 11 11 10 10 10 10 10 10 10 10 11 11 10 10 10 10 10 10 10 10 
This Tile 4 19
11 11 10 10 10 10 10 10 10 10 11 11 10 10 10 10 10 10 10 10 11 11 10 10 10 10 10 10 10 10 11 11 10 10 10 10 10 10 10 10 
This Tile 4 20
11 11 10 10 10 10 10 10 10 10 11 11 10 10 10 10 10 10 10 10 11 11 10 10 10 10 10 10 10 10 11 11 10 10 10 10 10 10 10 10 
This Tile 4 21
11 11 10 10 10 10 10 10 10 10 11 11 10 10 10 10 10 10 10 10 11 11 10 10 10 10 10 10 10 10 11 11 10 10 10 10 10 10 10 10 
This Tile 4 22
11 11 10 10 10 10 10 10 10 10 11 11 10 10 10 10 10 10 10 10 11 11 10 10 10 10 10 10 10 10 11 11 10 10 10 10 10 10 10 10 
This Tile 4 23
11 11 10 10 10 10 10 10 10 10 11 11 10 10 10 10 10 10 10 10 11 11 10 10 10 10 10 10 10 10 11 11 10 10 10 10 10 10 10 10 
This Tile 4 24
11 11 10 10 10 10 10 10 10 10 11 11 10 10 10 10 10 10 10 10 11 11 10 10 10 10 10 10 10 10 11 11 10 10 10 10 10 10 10 10 
This Tile 5 2
11 11 10 10 10 10 10 10 10 10 11 11 10 10 10 10 10 10 10 10 11 11 10 10 10 10 10 10 10 10 11 11 10 10 10 10 10 10 10 10 
This Tile 5 3
11 11 10 10 10 10 10 10 10 10 11 11 10 10 10 10 10 10 10 10 11 11 10 10 10 10 10 10 10 10 11 11 10 10 10 10 10 10 10 10 
This Tile 5 4
11 11 10 10 10 10 10 10 10 10 11 11 10 10 10 10 10 10 10 10 11 11 10 10 10 10 10 10 10 10 11 11 10 10 10 10 10 10 10 10 
This Tile 5 5
11 11 10 10 10 10 10 10 10 10 11 11 10 10 10 10 10 10 10 10 11 11 10 10 10 10 10 10 10 10 11 11 10 10 10 10 10 10 10 10 
This Tile 5 6
11 11 10 10 10 10 10 10 10 10 11 11 10 10 10 10 10 10 10 10 11 11 10 10 10 10 10 10 10 10 11 11 10 10 10 10 10 10 10 10 
This Tile 5 7
11 11 10 10 10 10 10 10 10 10 11 11 10 10 10 10 10 10 10 10 11 11 10 10 10 10 10 10 10 10 11 11 10 10 10 10 10 10 10 10 
This Tile 5 8
11 11 10 10 10 10 10 10 10 10 11 11 10 10 10 10 10 10 10 10 11 11 10 10 10 10 10 10 10 10 11 11 10 10 10 10 10 10 10 10 
This Tile 5 9
11 11 10 10 10 10 10 10 10 10 11 11 10 10 10 10 10 10 10 10 11 11 10 10 10 10 10 10 10 10 11 11 10 10 10 10 10 10 10 10 
This Tile 5 10
11 11 10 10 10 10 10 10 10 10 11 11 10 10 10 10 10 10 10 10 11 11 10 10 10 10 10 10 10 10 11 11 10 10 10 10 10 10 10 10 
This Tile 5 11
11 11 10 10 10 10 10 10 10 10 11 11 10 10 10 10 10 10 10 10 11 11 10 10 10 10 10 10 10 10 11 11 10 10 10 10 10 10 10 10 
This Tile 5 12
11 11 10 10 10 10 10 10 10 10 11 11 10 10 10 10 10 10 10 10 11 11 10 10 10 10 10 10 10 10 11 11 10 10 10 10 10 10 10 10 
This Tile 5 13
11 11 10 10 10 10 10 10 10 10 11 11 10 10 10 10 10 10 10 10 11 11 10 10 10 10 10 10 10 10 11 11 10 10 10 10 10 10 10 10 
This Tile 5 14
11 11 10 10 10 10 10 10 10 10 11 11 10 10 10 10 10 10 10 10 11 11 10 10 10 10 10 10 10 10 11 11 10 10 10 10 10 10 10 10 
This Tile 5 15
11 11 10 10 10 10 10 10 10 10 11 11 10 10 10 10 10 10 10 10 11 11 10 10 10 10 10 10 10 10 11 11 10 10 10 10 10 10 10 10 
This Tile 5 16
11 11 10 10 10 10 10 10 10 10 11 11 10 10 10 10 10 10 10 10 11 11 10 10 10 10 10 10 10 10 11 11 10 10 10 10 10 10 10 10 
This Tile 5 17
11 11 10 10 10 10 10 10 10 10 11 11 10 10 10 10 10 10 10 10 11 11 10 10 10 10 10 10 10 10 11 11 10 10 10 10 10 10 10 10 
This Tile 5 18
11 11 10 10 10 10 10 10 10 10 11 11 10 10 10 10 10 10 10 10 11 11 10 10 10 10 10 10 10 10 11 11 10 10 10 10 10 10 10 10 
This Tile 5 19
11 11 10 10 10 10 10 10 10 10 11 11 10 10 10 10 10 10 10 10 11 11 10 10 10 10 10 10 10 10 11 11 10 10 10 10 10 10 10 10 
This Tile 5 20
11 11 10 10 10 10 10 10 10 10 11 11 10 10 10 10 10 10 10 10 11 11 10 10 10 10 10 10 10 10 11 11 10 10 10 10 10 10 10 10 
This Tile 5 21
11 11 10 10 10 10 10 10 10 10 11 11 10 10 10 10 10 10 10 10 11 11 10 10 10 10 10 10 10 10 11 11 10 10 10 10 10 10 10 10 
This Tile 5 22
11 11 10 10 10 10 10 10 10 10 11 11 10 10 10 10 10 10 10 10 11 11 10 10 10 10 10 10 10 10 11 11 10 10 10 10 10 10 10 10 
This Tile 5 23
11 11 10 10 10 10 10 10 10 10 11 11 10 10 10 10 10 10 10 10 11 11 10 10 10 10 10 10 10 10 11 11 10 10 10 10 10 10 10 10 
This Tile 5 24
11 11 10 10 10 10 10 10 10 10 11 11 10 10 10 10 10 10 10 10 11 11 10 10 10 10 10 10 10 10 11 11 10 10 10 10 10 10 10 10 
This Tile 6 2
11 11 10 10 10 10 10 10 10 10 11 11 10 10 10 10 10 10 10 10 11 11 10 10 10 10 10 10 10 10 11 11 10 10 10 10 10 10 10 10 
This Tile 6 3
11 11 10 10 10 10 10 10 10 10 11 11 10 10 10 10 10 10 10 10 11 11 10 10 10 10 10 10 10 10 11 11 10 10 10 10 10 10 10 10 
This Tile 6 4
11 11 10 10 10 10 10 10 10 10 11 11 10 10 10 10 10 10 10 10 11 11 10 10 10 10 10 10 10 10 11 11 10 10 10 10 10 10 10 10 
This Tile 6 5
11 11 10 10 10 10 10 10 10 10 11 11 10 10 10 10 10 10 10 10 11 11 10 10 10 10 10 10 10 10 11 11 10 10 10 10 10 10 10 10 
This Tile 6 6
11 11 10 10 10 10 10 10 10 10 11 11 10 10 10 10 10 10 10 10 11 11 10 10 10 10 10 10 10 10 11 11 10 10 10 10 10 10 10 10 
This Tile 6 7
11 11 10 10 10 10 10 10 10 10 11 11 10 10 10 10 10 10 10 10 11 11 10 10 10 10 10 10 10 10 11 11 10 10 10 10 10 10 10 10 
This Tile 6 8
11 11 10 10 10 10 10 10 10 10 11 11 10 10 10 10 10 10 10 10 11 11 10 10 10 10 10 10 10 10 11 11 10 10 10 10 10 10 10 10 
This Tile 6 9
11 11 10 10 10 10 10 10 10 10 11 11 10 10 10 10 10 10 10 10 11 11 10 10 10 10 10 10 10 10 11 11 10 10 10 10 10 10 10 10 
This Tile 6 10
11 11 10 10 10 10 10 10 10 10 11 11 10 10 10 10 10 10 10 10 11 11 10 10 10 10 10 10 10 10 11 11 10 10 10 10 10 10 10 10 
This Tile 6 11
11 11 10 10 10 10 10 10 10 10 11 11 10 10 10 10 10 10 10 10 11 11 10 10 10 10 10 10 10 10 11 11 10 10 10 10 10 10 10 10 
This Tile 6 12
11 11 10 10 10 10 10 10 10 10 11 11 10 10 10 10 10 10 10 10 11 11 10 10 10 10 10 10 10 10 11 11 10 10 10 10 10 10 10 10 
This Tile 6 13
11 11 10 10 10 10 10 10 10 10 11 11 10 10 10 10 10 10 10 10 11 11 10 10 10 10 10 10 10 10 11 11 10 10 10 10 10 10 10 10 
This Tile 6 14
11 11 10 10 10 10 10 10 10 10 11 11 10 10 10 10 10 10 10 10 11 11 10 10 10 10 10 10 10 10 11 11 10 10 10 10 10 10 10 10 
This Tile 6 15
11 11 10 10 10 10 10 10 10 10 11 11 10 10 10 10 10 10 10 10 11 11 10 10 10 10 10 10 10 10 11 11 10 10 10 10 10 10 10 10 
This Tile 6 16
11 11 10 10 10 10 10 10 10 10 11 11 10 10 10 10 10 10 10 10 11 11 10 10 10 10 10 10 10 10 11 11 10 10 10 10 10 10 10 10 
This Tile 6 17
11 11 10 10 10 10 10 10 10 10 11 11 10 10 10 10 10 10 10 10 11 11 10 10 10 10 10 10 10 10 11 11 10 10 10 10 10 10 10 10 
This Tile 6 18
11 11 10 10 10 10 10 10 10 10 11 11 10 10 10 10 10 10 10 10 11 11 10 10 10 10 10 10 10 10 11 11 10 10 10 10 10 10 10 10 
This Tile 6 19
11 11 10 10 10 10 10 10 10 10 11 11 10 10 10 10 10 10 10 10 11 11 10 10 10 10 10 10 10 10 11 11 10 10 10 10 10 10 10 10 
This Tile 6 20
11 11 10 10 10 10 10 10 10 10 11 11 10 10 10 10 10 10 10 10 11 11 10 10 10 10 10 10 10 10 11 11 10 10 10 10 10 10 10 10 
This Tile 6 21
11 11 10 10 10 10 10 10 10 10 11 11 10 10 10 10 10 10 10 10 11 11 10 10 10 10 10 10 10 10 11 11 10 10 10 10 10 10 10 10 
This Tile 6 22
11 11 10 10 10 10 10 10 10 10 11 11 10 10 10 10 10 10 10 10 11 11 10 10 10 10 10 10 10 10 11 11 10 10 10 10 10 10 10 10 
This Tile 6 23
11 11 10 10 10 10 10 10 10 10 11 11 10 10 10 10 10 10 10 10 11 11 10 10 10 10 10 10 10 10 11 11 10 10 10 10 10 10 10 10 
This Tile 6 24
11 11 10 10 10 10 10 10 10 10 11 11 10 10 10 10 10 10 10 10 11 11 10 10 10 10 10 10 10 10 11 11 10 10 10 10 10 10 10 10 
This Tile 7 2
11 11 10 10 10 10 10 10 10 10 11 11 10 10 10 10 10 10 10 10 11 11 10 10 10 10 10 10 10 10 11 11 10 10 10 10 10 10 10 10 
This Tile 7 3
11 11 10 10 10 10 10 10 10 10 11 11 10 10 10 10 10 10 10 10 11 11 10 10 10 10 10 10 10 10 11 11 10 10 10 10 10 10 10 10 
This Tile 7 4
11 11 10 10 10 10 10 10 10 10 11 11 10 10 10 10 10 10 10 10 11 11 10 10 10 10 10 10 10 10 11 11 10 10 10 10 10 10 10 10 
This Tile 7 5
11 11 10 10 10 10 10 10 10 10 11 11 10 10 10 10 10 10 10 10 11 11 10 10 10 10 10 10 10 10 11 11 10 10 10 10 10 10 10 10 
This Tile 7 6
11 11 10 10 10 10 10 10 10 10 11 11 10 10 10 10 10 10 10 10 11 11 10 10 10 10 10 10 10 10 11 11 10 10 10 10 10 10 10 10 
This Tile 7 7
11 11 10 10 10 10 10 10 10 10 11 11 10 10 10 10 10 10 10 10 11 11 10 10 10 10 10 10 10 10 11 11 10 10 10 10 10 10 10 10 
This Tile 7 8
11 11 10 10 10 10 10 10 10 10 11 11 10 10 10 10 10 10 10 10 11 11 10 10 10 10 10 10 10 10 11 11 10 10 10 10 10 10 10 10 
This Tile 7 9
11 11 10 10 10 10 10 10 10 10 11 11 10 10 10 10 10 10 10 10 11 11 10 10 10 10 10 10 10 10 11 11 10 10 10 10 10 10 10 10 
This Tile 7 10
11 11 10 10 10 10 10 10 10 10 11 11 10 10 10 10 10 10 10 10 11 11 10 10 10 10 10 10 10 10 11 11 10 10 10 10 10 10 10 10 
This Tile 7 11
11 11 10 10 10 10 10 10 10 10 11 11 10 10 10 10 10 10 10 10 11 11 10 10 10 10 10 10 10 10 11 11 10 10 10 10 10 10 10 10 
This Tile 7 12
11 11 10 10 10 10 10 10 10 10 11 11 10 10 10 10 10 10 10 10 11 11 10 10 10 10 10 10 10 10 11 11 10 10 10 10 10 10 10 10 
This Tile 7 13
11 11 10 10 10 10 10 10 10 10 11 11 10 10 10 10 10 10 10 10 11 11 10 10 10 10 10 10 10 10 11 11 10 10 10 10 10 10 10 10 
This Tile 7 14
11 11 10 10 10 10 10 10 10 10 11 11 10 10 10 10 10 10 10 10 11 11 10 10 10 10 10 10 10 10 11 11 10 10 10 10 10 10 10 10 
This Tile 7 15
11 11 10 10 10 10 10 10 10 10 11 11 10 10 10 10 10 10 10 10 11 11 10 10 10 10 10 10 10 10 11 11 10 10 10 10 10 10 10 10 
This Tile 7 16
11 11 10 10 10 10 10 10 10 10 11 11 10 10 10 10 10 10 10 10 11 11 10 10 10 10 10 10 10 10 11 11 10 10 10 10 10 10 10 10 
This Tile 7 17
11 11 10 10 10 10 10 10 10 10 11 11 10 10 10 10 10 10 10 10 11 11 10 10 10 10 10 10 10 10 11 11 10 10 10 10 10 10 10 10 
This Tile 7 18
11 11 10 10 10 10 10 10 10 10 11 11 10 10 10 10 10 10 10 10 11 11 10 10 10 10 10 10 10 10 11 11 10 10 10 10 10 10 10 10 
This Tile 7 19
11 11 10 10 10 10 10 10 10 10 11 11 10 10 10 10 10 10 10 10 11 11 10 10 10 10 10 10 10 10 11 11 10 10 10 10 10 10 10 10 
This Tile 7 20
11 11 10 10 10 10 10 10 10 10 11 11 10 10 10 10 10 10 10 10 11 11 10 10 10 10 10 10 10 10 11 11 10 10 10 10 10 10 10 10 
This Tile 7 21
11 11 10 10 10 10 10 10 10 10 11 11 10 10 10 10 10 10 10 10 11 11 10 10 10 10 10 10 10 10 11 11 10 10 10 10 10 10 10 10 
This Tile 7 22
11 11 10 10 10 10 10 10 10 10 11 11 10 10 10 10 10 10 10 10 11 11 10 10 10 10 10 10 10 10 11 11 10 10 10 10 10 10 10 10 
This Tile 7 23
11 11 10 10 10 10 10 10 10 10 11 11 10 10 10 10 10 10 10 10 11 11 10 10 10 10 10 10 10 10 11 11 10 10 10 10 10 10 10 10 
This Tile 7 24
11 11 10 10 10 10 10 10 10 10 11 11 10 10 10 10 10 10 10 10 11 11 10 10 10 10 10 10 10 10 11 11 10 10 10 10 10 10 10 10 
This Tile 8 2
11 11 10 10 10 10 10 10 10 10 11 11 10 10 10 10 10 10 10 10 11 11 10 10 10 10 10 10 10 10 11 11 10 10 10 10 10 10 10 10 
This Tile 8 3
11 11 10 10 10 10 10 10 10 10 11 11 10 10 10 10 10 10 10 10 11 11 10 10 10 10 10 10 10 10 11 11 10 10 10 10 10 10 10 10 
This Tile 8 4
11 11 10 10 10 10 10 10 10 10 11 11 10 10 10 10 10 10 10 10 11 11 10 10 10 10 10 10 10 10 11 11 10 10 10 10 10 10 10 10 
This Tile 8 5
11 11 10 10 10 10 10 10 10 10 11 11 10 10 10 10 10 10 10 10 11 11 10 10 10 10 10 10 10 10 11 11 10 10 10 10 10 10 10 10 
This Tile 8 6
11 11 10 10 10 10 10 10 10 10 11 11 10 10 10 10 10 10 10 10 11 11 10 10 10 10 10 10 10 10 11 11 10 10 10 10 10 10 10 10 
This Tile 8 7
11 11 10 10 10 10 10 10 10 10 11 11 10 10 10 10 10 10 10 10 11 11 10 10 10 10 10 10 10 10 11 11 10 10 10 10 10 10 10 10 
This Tile 8 8
11 11 10 10 10 10 10 10 10 10 11 11 10 10 10 10 10 10 10 10 11 11 10 10 10 10 10 10 10 10 11 11 10 10 10 10 10 10 10 10 
This Tile 8 9
11 11 10 10 10 10 10 10 10 10 11 11 10 10 10 10 10 10 10 10 11 11 10 10 10 10 10 10 10 10 11 11 10 10 10 10 10 10 10 10 
This Tile 8 10
11 11 10 10 10 10 10 10 10 10 11 11 10 10 10 10 10 10 10 10 11 11 10 10 10 10 10 10 10 10 11 11 10 10 10 10 10 10 10 10 
This Tile 8 11
11 11 10 10 10 10 10 10 10 10 11 11 10 10 10 10 10 10 10 10 11 11 10 10 10 10 10 10 10 10 11 11 10 10 10 10 10 10 10 10 
This Tile 8 12
11 11 10 10 10 10 10 10 10 10 11 11 10 10 10 10 10 10 10 10 11 11 10 10 10 10 10 10 10 10 11 11 10 10 10 10 10 10 10 10 
This Tile 8 13
11 11 10 10 10 10 10 10 10 10 11 11 10 10 10 10 10 10 10 10 11 11 10 10 10 10 10 10 10 10 11 11 10 10 10 10 10 10 10 10 
This Tile 8 14
11 11 10 10 10 10 10 10 10 10 11 11 10 10 10 10 10 10 10 10 11 11 10 10 10 10 10 10 10 10 11 11 10 10 10 10 10 10 10 10 
This Tile 8 15
11 11 10 10 10 10 10 10 10 10 11 11 10 10 10 10 10 10 10 10 11 11 10 10 10 10 10 10 10 10 11 11 10 10 10 10 10 10 10 10 
This Tile 8 16
11 11 10 10 10 10 10 10 10 10 11 11 10 10 10 10 10 10 10 10 11 11 10 10 10 10 10 10 10 10 11 11 10 10 10 10 10 10 10 10 
This Tile 8 17
11 11 10 10 10 10 10 10 10 10 11 11 10 10 10 10 10 10 10 10 11 11 10 10 10 10 10 10 10 10 11 11 10 10 10 10 10 10 10 10 
This Tile 8 18
11 11 10 10 10 10 10 10 10 10 11 11 10 10 10 10 10 10 10 10 11 11 10 10 10 10 10 10 10 10 11 11 10 10 10 10 10 10 10 10 
This Tile 8 19
11 11 10 10 10 10 10 10 10 10 11 11 10 10 10 10 10 10 10 10 11 11 10 10 10 10 10 10 10 10 11 11 10 10 10 10 10 10 10 10 
This Tile 8 20
11 11 10 10 10 10 10 10 10 10 11 11 10 10 10 10 10 10 10 10 11 11 10 10 10 10 10 10 10 10 11 11 10 10 10 10 10 10 10 10 
This Tile 8 21
11 11 10 10 10 10 10 10 10 10 11 11 10 10 10 10 10 10 10 10 11 11 10 10 10 10 10 10 10 10 11 11 10 10 10 10 10 10 10 10 
This Tile 8 22
11 11 10 10 10 10 10 10 10 10 11 11 10 10 10 10 10 10 10 10 11 11 10 10 10 10 10 10 10 10 11 11 10 10 10 10 10 10 10 10 
This Tile 8 23
11 11 10 10 10 10 10 10 10 10 11 11 10 10 10 10 10 10 10 10 11 11 10 10 10 10 10 10 10 10 11 11 10 10 10 10 10 10 10 10 
This Tile 8 24
11 11 10 10 10 10 10 10 10 10 11 11 10 10 10 10 10 10 10 10 11 11 10 10 10 10 10 10 10 10 11 11 10 10 10 10 10 10 10 10 
This Tile 9 2
11 11 10 10 10 10 10 10 10 10 11 11 10 10 10 10 10 10 10 10 11 11 10 10 10 10 10 10 10 10 11 11 10 10 10 10 10 10 10 10 
This Tile 9 3
11 11 10 10 10 10 10 10 10 10 11 11 10 10 10 10 10 10 10 10 11 11 10 10 10 10 10 10 10 10 11 11 10 10 10 10 10 10 10 10 
This Tile 9 4
11 11 10 10 10 10 10 10 10 10 11 11 10 10 10 10 10 10 10 10 11 11 10 10 10 10 10 10 10 10 11 11 10 10 10 10 10 10 10 10 
This Tile 9 5
11 11 10 10 10 10 10 10 10 10 11 11 10 10 10 10 10 10 10 10 11 11 10 10 10 10 10 10 10 10 11 11 10 10 10 10 10 10 10 10 
This Tile 9 6
11 11 10 10 10 10 10 10 10 10 11 11 10 10 10 10 10 10 10 10 11 11 10 10 10 10 10 10 10 10 11 11 10 10 10 10 10 10 10 10 
This Tile 9 7
11 11 10 10 10 10 10 10 10 10 11 11 10 10 10 10 10 10 10 10 11 11 10 10 10 10 10 10 10 10 11 11 10 10 10 10 10 10 10 10 
This Tile 9 8
11 11 10 10 10 10 10 10 10 10 11 11 10 10 10 10 10 10 10 10 11 11 10 10 10 10 10 10 10 10 11 11 10 10 10 10 10 10 10 10 
This Tile 9 9
11 11 10 10 10 10 10 10 10 10 11 11 10 10 10 10 10 10 10 10 11 11 10 10 10 10 10 10 10 10 11 11 10 10 10 10 10 10 10 10 
This Tile 9 10
11 11 10 10 10 10 10 10 10 10 11 11 10 10 10 10 10 10 10 10 11 11 10 10 10 10 10 10 10 10 11 11 10 10 10 10 10 10 10 10 
This Tile 9 11
11 11 10 10 10 10 10 10 10 10 11 11 10 10 10 10 10 10 10 10 11 11 10 10 10 10 10 10 10 10 11 11 10 10 10 10 10 10 10 10 
This Tile 9 12
11 11 10 10 10 10 10 10 10 10 11 11 10 10 10 10 10 10 10 10 11 11 10 10 10 10 10 10 10 10 11 11 10 10 10 10 10 10 10 10 
This Tile 9 13
11 11 10 10 10 10 10 10 10 10 11 11 10 10 10 10 10 10 10 10 11 11 10 10 10 10 10 10 10 10 11 11 10 10 10 10 10 10 10 10 
This Tile 9 14
11 11 10 10 10 10 10 10 10 10 11 11 10 10 10 10 10 10 10 10 11 11 10 10 10 10 10 10 10 10 11 11 10 10 10 10 10 10 10 10 
This Tile 9 15
11 11 10 10 10 10 10 10 10 10 11 11 10 10 10 10 10 10 10 10 11 11 10 10 10 10 10 10 10 10 11 11 10 10 10 10 10 10 10 10 
This Tile 9 16
11 11 10 10 10 10 10 10 10 10 11 11 10 10 10 10 10 10 10 10 11 11 10 10 10 10 10 10 10 10 11 11 10 10 10 10 10 10 10 10 
This Tile 9 17
11 11 10 10 10 10 10 10 10 10 11 11 10 10 10 10 10 10 10 10 11 11 10 10 10 10 10 10 10 10 11 11 10 10 10 10 10 10 10 10 
This Tile 9 18
11 11 10 10 10 10 10 10 10 10 11 11 10 10 10 10 10 10 10 10 11 11 10 10 10 10 10 10 10 10 11 11 10 10 10 10 10 10 10 10 
This Tile 9 19
11 11 10 10 10 10 10 10 10 10 11 11 10 10 10 10 10 10 10 10 11 11 10 10 10 10 10 10 10 10 11 11 10 10 10 10 10 10 10 10 
This Tile 9 20
11 11 10 10 10 10 10 10 10 10 11 11 10 10 10 10 10 10 10 10 11 11 10 10 10 10 10 10 10 10 11 11 10 10 10 10 10 10 10 10 
This Tile 9 21
11 11 10 10 10 10 10 10 10 10 11 11 10 10 10 10 10 10 10 10 11 11 10 10 10 10 10 10 10 10 11 11 10 10 10 10 10 10 10 10 
This Tile 9 22
11 11 10 10 10 10 10 10 10 10 11 11 10 10 10 10 10 10 10 10 11 11 10 10 10 10 10 10 10 10 11 11 10 10 10 10 10 10 10 10 
This Tile 9 23
11 11 10 10 10 10 10 10 10 10 11 11 10 10 10 10 10 10 10 10 11 11 10 10 10 10 10 10 10 10 11 11 10 10 10 10 10 10 10 10 
This Tile 9 24
11 11 10 10 10 10 10 10 10 10 11 11 10 10 10 10 10 10 10 10 11 11 10 10 10 10 10 10 10 10 11 11 10 10 10 10 10 10 10 10 
This Tile 10 2
11 11 10 10 10 10 10 10 10 10 11 11 10 10 10 10 10 10 10 10 11 11 10 10 10 10 10 10 10 10 11 11 10 10 10 10 10 10 10 10 
This Tile 10 3
11 11 10 10 10 10 10 10 10 10 11 11 10 10 10 10 10 10 10 10 11 11 10 10 10 10 10 10 10 10 11 11 10 10 10 10 10 10 10 10 
This Tile 10 4
11 11 10 10 10 10 10 10 10 10 11 11 10 10 10 10 10 10 10 10 11 11 10 10 10 10 10 10 10 10 11 11 10 10 10 10 10 10 10 10 
This Tile 10 5
11 11 10 10 10 10 10 10 10 10 11 11 10 10 10 10 10 10 10 10 11 11 10 10 10 10 10 10 10 10 11 11 10 10 10 10 10 10 10 10 
This Tile 10 6
11 11 10 10 10 10 10 10 10 10 11 11 10 10 10 10 10 10 10 10 11 11 10 10 10 10 10 10 10 10 11 11 10 10 10 10 10 10 10 10 
This Tile 10 7
11 11 10 10 10 10 10 10 10 10 11 11 10 10 10 10 10 10 10 10 11 11 10 10 10 10 10 10 10 10 11 11 10 10 10 10 10 10 10 10 
This Tile 10 8
11 11 10 10 10 10 10 10 10 10 11 11 10 10 10 10 10 10 10 10 11 11 10 10 10 10 10 10 10 10 11 11 10 10 10 10 10 10 10 10 
This Tile 10 9
11 11 10 10 10 10 10 10 10 10 11 11 10 10 10 10 10 10 10 10 11 11 10 10 10 10 10 10 10 10 11 11 10 10 10 10 10 10 10 10 
This Tile 10 10
11 11 10 10 10 10 10 10 10 10 11 11 10 10 10 10 10 10 10 10 11 11 10 10 10 10 10 10 10 10 11 11 10 10 10 10 10 10 10 10 
This Tile 10 11
11 11 10 10 10 10 10 10 10 10 11 11 10 10 10 10 10 10 10 10 11 11 10 10 10 10 10 10 10 10 11 11 10 10 10 10 10 10 10 10 
This Tile 10 12
11 11 10 10 10 10 10 10 10 10 11 11 10 10 10 10 10 10 10 10 11 11 10 10 10 10 10 10 10 10 11 11 10 10 10 10 10 10 10 10 
This Tile 10 13
11 11 10 10 10 10 10 10 10 10 11 11 10 10 10 10 10 10 10 10 11 11 10 10 10 10 10 10 10 10 11 11 10 10 10 10 10 10 10 10 
This Tile 10 14
11 11 10 10 10 10 10 10 10 10 11 11 10 10 10 10 10 10 10 10 11 11 10 10 10 10 10 10 10 10 11 11 10 10 10 10 10 10 10 10 
This Tile 10 15
11 11 10 10 10 10 10 10 10 10 11 11 10 10 10 10 10 10 10 10 11 11 10 10 10 10 10 10 10 10 11 11 10 10 10 10 10 10 10 10 
This Tile 10 16
11 11 10 10 10 10 10 10 10 10 11 11 10 10 10 10 10 10 10 10 11 11 10 10 10 10 10 10 10 10 11 11 10 10 10 10 10 10 10 10 
This Tile 10 17
11 11 10 10 10 10 10 10 10 10 11 11 10 10 10 10 10 10 10 10 11 11 10 10 10 10 10 10 10 10 11 11 10 10 10 10 10 10 10 10 
This Tile 10 18
11 11 10 10 10 10 10 10 10 10 11 11 10 10 10 10 10 10 10 10 11 11 10 10 10 10 10 10 10 10 11 11 10 10 10 10 10 10 10 10 
This Tile 10 19
11 11 10 10 10 10 10 10 10 10 11 11 10 10 10 10 10 10 10 10 11 11 10 10 10 10 10 10 10 10 11 11 10 10 10 10 10 10 10 10 
This Tile 10 20
11 11 10 10 10 10 10 10 10 10 11 11 10 10 10 10 10 10 10 10 11 11 10 10 10 10 10 10 10 10 11 11 10 10 10 10 10 10 10 10 
This Tile 10 21
11 11 10 10 10 10 10 10 10 10 11 11 10 10 10 10 10 10 10 10 11 11 10 10 10 10 10 10 10 10 11 11 10 10 10 10 10 10 10 10 
This Tile 10 22
11 11 10 10 10 10 10 10 10 10 11 11 10 10 10 10 10 10 10 10 11 11 10 10 10 10 10 10 10 10 11 11 10 10 10 10 10 10 10 10 
This Tile 10 23
11 11 10 10 10 10 10 10 10 10 11 11 10 10 10 10 10 10 10 10 11 11 10 10 10 10 10 10 10 10 11 11 10 10 10 10 10 10 10 10 
This Tile 10 24
11 11 10 10 10 10 10 10 10 10 11 11 10 10 10 10 10 10 10 10 11 11 10 10 10 10 10 10 10 10 11 11 10 10 10 10 10 10 10 10 
This Tile 11 2
11 11 10 10 10 10 10 10 10 10 11 11 10 10 10 10 10 10 10 10 11 11 10 10 10 10 10 10 10 10 11 11 10 10 10 10 10 10 10 10 
This Tile 11 3
11 11 10 10 10 10 10 10 10 10 11 11 10 10 10 10 10 10 10 10 11 11 10 10 10 10 10 10 10 10 11 11 10 10 10 10 10 10 10 10 
This Tile 11 4
11 11 10 10 10 10 10 10 10 10 11 11 10 10 10 10 10 10 10 10 11 11 10 10 10 10 10 10 10 10 11 11 10 10 10 10 10 10 10 10 
This Tile 11 5
11 11 10 10 10 10 10 10 10 10 11 11 10 10 10 10 10 10 10 10 11 11 10 10 10 10 10 10 10 10 11 11 10 10 10 10 10 10 10 10 
This Tile 11 6
11 11 10 10 10 10 10 10 10 10 11 11 10 10 10 10 10 10 10 10 11 11 10 10 10 10 10 10 10 10 11 11 10 10 10 10 10 10 10 10 
This Tile 11 7
11 11 10 10 10 10 10 10 10 10 11 11 10 10 10 10 10 10 10 10 11 11 10 10 10 10 10 10 10 10 11 11 10 10 10 10 10 10 10 10 
This Tile 11 8
11 11 10 10 10 10 10 10 10 10 11 11 10 10 10 10 10 10 10 10 11 11 10 10 10 10 10 10 10 10 11 11 10 10 10 10 10 10 10 10 
This Tile 11 9
11 11 10 10 10 10 10 10 10 10 11 11 10 10 10 10 10 10 10 10 11 11 10 10 10 10 10 10 10 10 11 11 10 10 10 10 10 10 10 10 
This Tile 11 10
11 11 10 10 10 10 10 10 10 10 11 11 10 10 10 10 10 10 10 10 11 11 10 10 10 10 10 10 10 10 11 11 10 10 10 10 10 10 10 10 
This Tile 11 11
11 11 10 10 10 10 10 10 10 10 11 11 10 10 10 10 10 10 10 10 11 11 10 10 10 10 10 10 10 10 11 11 10 10 10 10 10 10 10 10 
This Tile 11 12
11 11 10 10 10 10 10 10 10 10 11 11 10 10 10 10 10 10 10 10 11 11 10 10 10 10 10 10 10 10 11 11 10 10 10 10 10 10 10 10 
This Tile 11 13
11 11 10 10 10 10 10 10 10 10 11 11 10 10 10 10 10 10 10 10 11 11 10 10 10 10 10 10 10 10 11 11 10 10 10 10 10 10 10 10 
This Tile 11 14
11 11 10 10 10 10 10 10 10 10 11 11 10 10 10 10 10 10 10 10 11 11 10 10 10 10 10 10 10 10 11 11 10 10 10 10 10 10 10 10 
This Tile 11 15
11 11 10 10 10 10 10 10 10 10 11 11 10 10 10 10 10 10 10 10 11 11 10 10 10 10 10 10 10 10 11 11 10 10 10 10 10 10 10 10 
This Tile 11 16
11 11 10 10 10 10 10 10 10 10 11 11 10 10 10 10 10 10 10 10 11 11 10 10 10 10 10 10 10 10 11 11 10 10 10 10 10 10 10 10 
This Tile 11 17
11 11 10 10 10 10 10 10 10 10 11 11 10 10 10 10 10 10 10 10 11 11 10 10 10 10 10 10 10 10 11 11 10 10 10 10 10 10 10 10 
This Tile 11 18
11 11 10 10 10 10 10 10 10 10 11 11 10 10 10 10 10 10 10 10 11 11 10 10 10 10 10 10 10 10 11 11 10 10 10 10 10 10 10 10 
This Tile 11 19
11 11 10 10 10 10 10 10 10 10 11 11 10 10 10 10 10 10 10 10 11 11 10 10 10 10 10 10 10 10 11 11 10 10 10 10 10 10 10 10 
This Tile 11 20
11 11 10 10 10 10 10 10 10 10 11 11 10 10 10 10 10 10 10 10 11 11 10 10 10 10 10 10 10 10 11 11 10 10 10 10 10 10 10 10 
This Tile 11 21
11 11 10 10 10 10 10 10 10 10 11 11 10 10 10 10 10 10 10 10 11 11 10 10 10 10 10 10 10 10 11 11 10 10 10 10 10 10 10 10 
This Tile 11 22
11 11 10 10 10 10 10 10 10 10 11 11 10 10 10 10 10 10 10 10 11 11 10 10 10 10 10 10 10 10 11 11 10 10 10 10 10 10 10 10 
This Tile 11 23
11 11 10 10 10 10 10 10 10 10 11 11 10 10 10 10 10 10 10 10 11 11 10 10 10 10 10 10 10 10 11 11 10 10 10 10 10 10 10 10 
This Tile 11 24
11 11 10 10 10 10 10 10 10 10 11 11 10 10 10 10 10 10 10 10 11 11 10 10 10 10 10 10 10 10 11 11 10 10 10 10 10 10 10 10 
This Tile 12 2
11 11 10 10 10 10 10 10 10 10 11 11 10 10 10 10 10 10 10 10 11 11 10 10 10 10 10 10 10 10 11 11 10 10 10 10 10 10 10 10 
This Tile 12 3
11 11 10 10 10 10 10 10 10 10 11 11 10 10 10 10 10 10 10 10 11 11 10 10 10 10 10 10 10 10 11 11 10 10 10 10 10 10 10 10 
This Tile 12 4
11 11 10 10 10 10 10 10 10 10 11 11 10 10 10 10 10 10 10 10 11 11 10 10 10 10 10 10 10 10 11 11 10 10 10 10 10 10 10 10 
This Tile 12 5
11 11 10 10 10 10 10 10 10 10 11 11 10 10 10 10 10 10 10 10 11 11 10 10 10 10 10 10 10 10 11 11 10 10 10 10 10 10 10 10 
This Tile 12 6
11 11 10 10 10 10 10 10 10 10 11 11 10 10 10 10 10 10 10 10 11 11 10 10 10 10 10 10 10 10 11 11 10 10 10 10 10 10 10 10 
This Tile 12 7
11 11 10 10 10 10 10 10 10 10 11 11 10 10 10 10 10 10 10 10 11 11 10 10 10 10 10 10 10 10 11 11 10 10 10 10 10 10 10 10 
This Tile 12 8
11 11 10 10 10 10 10 10 10 10 11 11 10 10 10 10 10 10 10 10 11 11 10 10 10 10 10 10 10 10 11 11 10 10 10 10 10 10 10 10 
This Tile 12 9
11 11 10 10 10 10 10 10 10 10 11 11 10 10 10 10 10 10 10 10 11 11 10 10 10 10 10 10 10 10 11 11 10 10 10 10 10 10 10 10 
This Tile 12 10
11 11 10 10 10 10 10 10 10 10 11 11 10 10 10 10 10 10 10 10 11 11 10 10 10 10 10 10 10 10 11 11 10 10 10 10 10 10 10 10 
This Tile 12 11
11 11 10 10 10 10 10 10 10 10 11 11 10 10 10 10 10 10 10 10 11 11 10 10 10 10 10 10 10 10 11 11 10 10 10 10 10 10 10 10 
This Tile 12 12
11 11 10 10 10 10 10 10 10 10 11 11 10 10 10 10 10 10 10 10 11 11 10 10 10 10 10 10 10 10 11 11 10 10 10 10 10 10 10 10 
This Tile 12 13
11 11 10 10 10 10 10 10 10 10 11 11 10 10 10 10 10 10 10 10 11 11 10 10 10 10 10 10 10 10 11 11 10 10 10 10 10 10 10 10 
This Tile 12 14
11 11 10 10 10 10 10 10 10 10 11 11 10 10 10 10 10 10 10 10 11 11 10 10 10 10 10 10 10 10 11 11 10 10 10 10 10 10 10 10 
This Tile 12 15
11 11 10 10 10 10 10 10 10 10 11 11 10 10 10 10 10 10 10 10 11 11 10 10 10 10 10 10 10 10 11 11 10 10 10 10 10 10 10 10 
This Tile 12 16
11 11 10 10 10 10 10 10 10 10 11 11 10 10 10 10 10 10 10 10 11 11 10 10 10 10 10 10 10 10 11 11 10 10 10 10 10 10 10 10 
This Tile 12 17
11 11 10 10 10 10 10 10 10 10 11 11 10 10 10 10 10 10 10 10 11 11 10 10 10 10 10 10 10 10 11 11 10 10 10 10 10 10 10 10 
This Tile 12 18
11 11 10 10 10 10 10 10 10 10 11 11 10 10 10 10 10 10 10 10 11 11 10 10 10 10 10 10 10 10 11 11 10 10 10 10 10 10 10 10 
This Tile 12 19
11 11 10 10 10 10 10 10 10 10 11 11 10 10 10 10 10 10 10 10 11 11 10 10 10 10 10 10 10 10 11 11 10 10 10 10 10 10 10 10 
This Tile 12 20
11 11 10 10 10 10 10 10 10 10 11 11 10 10 10 10 10 10 10 10 11 11 10 10 10 10 10 10 10 10 11 11 10 10 10 10 10 10 10 10 
This Tile 12 21
11 11 10 10 10 10 10 10 10 10 11 11 10 10 10 10 10 10 10 10 11 11 10 10 10 10 10 10 10 10 11 11 10 10 10 10 10 10 10 10 
This Tile 12 22
11 11 10 10 10 10 10 10 10 10 11 11 10 10 10 10 10 10 10 10 11 11 10 10 10 10 10 10 10 10 11 11 10 10 10 10 10 10 10 10 
This Tile 12 23
11 11 10 10 10 10 10 10 10 10 11 11 10 10 10 10 10 10 10 10 11 11 10 10 10 10 10 10 10 10 11 11 10 10 10 10 10 10 10 10 
This Tile 12 24
11 11 10 10 10 10 10 10 10 10 11 11 10 10 10 10 10 10 10 10 11 11 10 10 10 10 10 10 10 10 11 11 10 10 10 10 10 10 10 10 
This Tile 13 2
11 11 10 10 10 10 10 10 10 10 11 11 10 10 10 10 10 10 10 10 11 11 10 10 10 10 10 10 10 10 11 11 10 10 10 10 10 10 10 10 
This Tile 13 3
11 11 10 10 10 10 10 10 10 10 11 11 10 10 10 10 10 10 10 10 11 11 10 10 10 10 10 10 10 10 11 11 10 10 10 10 10 10 10 10 
This Tile 13 4
11 11 10 10 10 10 10 10 10 10 11 11 10 10 10 10 10 10 10 10 11 11 10 10 10 10 10 10 10 10 11 11 10 10 10 10 10 10 10 10 
This Tile 13 5
11 11 10 10 10 10 10 10 10 10 11 11 10 10 10 10 10 10 10 10 11 11 10 10 10 10 10 10 10 10 11 11 10 10 10 10 10 10 10 10 
This Tile 13 6
11 11 10 10 10 10 10 10 10 10 11 11 10 10 10 10 10 10 10 10 11 11 10 10 10 10 10 10 10 10 11 11 10 10 10 10 10 10 10 10 
This Tile 13 7
11 11 10 10 10 10 10 10 10 10 11 11 10 10 10 10 10 10 10 10 11 11 10 10 10 10 10 10 10 10 11 11 10 10 10 10 10 10 10 10 
This Tile 13 8
11 11 10 10 10 10 10 10 10 10 11 11 10 10 10 10 10 10 10 10 11 11 10 10 10 10 10 10 10 10 11 11 10 10 10 10 10 10 10 10 
This Tile 13 9
11 11 10 10 10 10 10 10 10 10 11 11 10 10 10 10 10 10 10 10 11 11 10 10 10 10 10 10 10 10 11 11 10 10 10 10 10 10 10 10 
This Tile 13 10
11 11 10 10 10 10 10 10 10 10 11 11 10 10 10 10 10 10 10 10 11 11 10 10 10 10 10 10 10 10 11 11 10 10 10 10 10 10 10 10 
This Tile 13 11
11 11 10 10 10 10 10 10 10 10 11 11 10 10 10 10 10 10 10 10 11 11 10 10 10 10 10 10 10 10 11 11 10 10 10 10 10 10 10 10 
This Tile 13 12
11 11 10 10 10 10 10 10 10 10 11 11 10 10 10 10 10 10 10 10 11 11 10 10 10 10 10 10 10 10 11 11 10 10 10 10 10 10 10 10 
This Tile 13 13
11 11 10 10 10 10 10 10 10 10 11 11 10 10 10 10 10 10 10 10 11 11 10 10 10 10 10 10 10 10 11 11 10 10 10 10 10 10 10 10 
This Tile 13 14
11 11 10 10 10 10 10 10 10 10 11 11 10 10 10 10 10 10 10 10 11 11 10 10 10 10 10 10 10 10 11 11 10 10 10 10 10 10 10 10 
This Tile 13 15
11 11 10 10 10 10 10 10 10 10 11 11 10 10 10 10 10 10 10 10 11 11 10 10 10 10 10 10 10 10 11 11 10 10 10 10 10 10 10 10 
This Tile 13 16
11 11 10 10 10 10 10 10 10 10 11 11 10 10 10 10 10 10 10 10 11 11 10 10 10 10 10 10 10 10 11 11 10 10 10 10 10 10 10 10 
This Tile 13 17
11 11 10 10 10 10 10 10 10 10 11 11 10 10 10 10 10 10 10 10 11 11 10 10 10 10 10 10 10 10 11 11 10 10 10 10 10 10 10 10 
This Tile 13 18
11 11 10 10 10 10 10 10 10 10 11 11 10 10 10 10 10 10 10 10 11 11 10 10 10 10 10 10 10 10 11 11 10 10 10 10 10 10 10 10 
This Tile 13 19
11 11 10 10 10 10 10 10 10 10 11 11 10 10 10 10 10 10 10 10 11 11 10 10 10 10 10 10 10 10 11 11 10 10 10 10 10 10 10 10 
This Tile 13 20
11 11 10 10 10 10 10 10 10 10 11 11 10 10 10 10 10 10 10 10 11 11 10 10 10 10 10 10 10 10 11 11 10 10 10 10 10 10 10 10 
This Tile 13 21
11 11 10 10 10 10 10 10 10 10 11 11 10 10 10 10 10 10 10 10 11 11 10 10 10 10 10 10 10 10 11 11 10 10 10 10 10 10 10 10 
This Tile 13 22
11 11 10 10 10 10 10 10 10 10 11 11 10 10 10 10 10 10 10 10 11 11 10 10 10 10 10 10 10 10 11 11 10 10 10 10 10 10 10 10 
This Tile 13 23
11 11 10 10 10 10 10 10 10 10 11 11 10 10 10 10 10 10 10 10 11 11 10 10 10 10 10 10 10 10 11 11 10 10 10 10 10 10 10 10 
This Tile 13 24
11 11 10 10 10 10 10 10 10 10 11 11 10 10 10 10 10 10 10 10 11 11 10 10 10 10 10 10 10 10 11 11 10 10 10 10 10 10 10 10 
This Tile 14 2
11 11 10 10 10 10 10 10 10 10 11 11 10 10 10 10 10 10 10 10 11 11 10 10 10 10 10 10 10 10 11 11 10 10 10 10 10 10 10 10 
This Tile 14 3
11 11 10 10 10 10 10 10 10 10 11 11 10 10 10 10 10 10 10 10 11 11 10 10 10 10 10 10 10 10 11 11 10 10 10 10 10 10 10 10 
This Tile 14 4
11 11 10 10 10 10 10 10 10 10 11 11 10 10 10 10 10 10 10 10 11 11 10 10 10 10 10 10 10 10 11 11 10 10 10 10 10 10 10 10 
This Tile 14 5
11 11 10 10 10 10 10 10 10 10 11 11 10 10 10 10 10 10 10 10 11 11 10 10 10 10 10 10 10 10 11 11 10 10 10 10 10 10 10 10 
This Tile 14 6
11 11 10 10 10 10 10 10 10 10 11 11 10 10 10 10 10 10 10 10 11 11 10 10 10 10 10 10 10 10 11 11 10 10 10 10 10 10 10 10 
This Tile 14 7
11 11 10 10 10 10 10 10 10 10 11 11 10 10 10 10 10 10 10 10 11 11 10 10 10 10 10 10 10 10 11 11 10 10 10 10 10 10 10 10 
This Tile 14 8
11 11 10 10 10 10 10 10 10 10 11 11 10 10 10 10 10 10 10 10 11 11 10 10 10 10 10 10 10 10 11 11 10 10 10 10 10 10 10 10 
This Tile 14 9
11 11 10 10 10 10 10 10 10 10 11 11 10 10 10 10 10 10 10 10 11 11 10 10 10 10 10 10 10 10 11 11 10 10 10 10 10 10 10 10 
This Tile 14 10
11 11 10 10 10 10 10 10 10 10 11 11 10 10 10 10 10 10 10 10 11 11 10 10 10 10 10 10 10 10 11 11 10 10 10 10 10 10 10 10 
This Tile 14 11
11 11 10 10 10 10 10 10 10 10 11 11 10 10 10 10 10 10 10 10 11 11 10 10 10 10 10 10 10 10 11 11 10 10 10 10 10 10 10 10 
This Tile 14 12
11 11 10 10 10 10 10 10 10 10 11 11 10 10 10 10 10 10 10 10 11 11 10 10 10 10 10 10 10 10 11 11 10 10 10 10 10 10 10 10 
This Tile 14 13
11 11 10 10 10 10 10 10 10 10 11 11 10 10 10 10 10 10 10 10 11 11 10 10 10 10 10 10 10 10 11 11 10 10 10 10 10 10 10 10 
This Tile 14 14
11 11 10 10 10 10 10 10 10 10 11 11 10 10 10 10 10 10 10 10 11 11 10 10 10 10 10 10 10 10 11 11 10 10 10 10 10 10 10 10 
This Tile 14 15
11 11 10 10 10 10 10 10 10 10 11 11 10 10 10 10 10 10 10 10 11 11 10 10 10 10 10 10 10 10 11 11 10 10 10 10 10 10 10 10 
This Tile 14 16
11 11 10 10 10 10 10 10 10 10 11 11 10 10 10 10 10 10 10 10 11 11 10 10 10 10 10 10 10 10 11 11 10 10 10 10 10 10 10 10 
This Tile 14 17
11 11 10 10 10 10 10 10 10 10 11 11 10 10 10 10 10 10 10 10 11 11 10 10 10 10 10 10 10 10 11 11 10 10 10 10 10 10 10 10 
This Tile 14 18
11 11 10 10 10 10 10 10 10 10 11 11 10 10 10 10 10 10 10 10 11 11 10 10 10 10 10 10 10 10 11 11 10 10 10 10 10 10 10 10 
This Tile 14 19
11 11 10 10 10 10 10 10 10 10 11 11 10 10 10 10 10 10 10 10 11 11 10 10 10 10 10 10 10 10 11 11 10 10 10 10 10 10 10 10 
This Tile 14 20
11 11 10 10 10 10 10 10 10 10 11 11 10 10 10 10 10 10 10 10 11 11 10 10 10 10 10 10 10 10 11 11 10 10 10 10 10 10 10 10 
This Tile 14 21
11 11 10 10 10 10 10 10 10 10 11 11 10 10 10 10 10 10 10 10 11 11 10 10 10 10 10 10 10 10 11 11 10 10 10 10 10 10 10 10 
This Tile 14 22
11 11 10 10 10 10 10 10 10 10 11 11 10 10 10 10 10 10 10 10 11 11 10 10 10 10 10 10 10 10 11 11 10 10 10 10 10 10 10 10 
This Tile 14 23
11 11 10 10 10 10 10 10 10 10 11 11 10 10 10 10 10 10 10 10 11 11 10 10 10 10 10 10 10 10 11 11 10 10 10 10 10 10 10 10 
This Tile 14 24
11 11 10 10 10 10 10 10 10 10 11 11 10 10 10 10 10 10 10 10 11 11 10 10 10 10 10 10 10 10 11 11 10 10 10 10 10 10 10 10 
This Tile 15 2
11 11 10 10 10 10 10 10 10 10 11 11 10 10 10 10 10 10 10 10 11 11 10 10 10 10 10 10 10 10 11 11 10 10 10 10 10 10 10 10 
This Tile 15 3
11 11 10 10 10 10 10 10 10 10 11 11 10 10 10 10 10 10 10 10 11 11 10 10 10 10 10 10 10 10 11 11 10 10 10 10 10 10 10 10 
This Tile 15 4
11 11 10 10 10 10 10 10 10 10 11 11 10 10 10 10 10 10 10 10 11 11 10 10 10 10 10 10 10 10 11 11 10 10 10 10 10 10 10 10 
This Tile 15 5
11 11 10 10 10 10 10 10 10 10 11 11 10 10 10 10 10 10 10 10 11 11 10 10 10 10 10 10 10 10 11 11 10 10 10 10 10 10 10 10 
This Tile 15 6
11 11 10 10 10 10 10 10 10 10 11 11 10 10 10 10 10 10 10 10 11 11 10 10 10 10 10 10 10 10 11 11 10 10 10 10 10 10 10 10 
This Tile 15 7
11 11 10 10 10 10 10 10 10 10 11 11 10 10 10 10 10 10 10 10 11 11 10 10 10 10 10 10 10 10 11 11 10 10 10 10 10 10 10 10 
This Tile 15 8
11 11 10 10 10 10 10 10 10 10 11 11 10 10 10 10 10 10 10 10 11 11 10 10 10 10 10 10 10 10 11 11 10 10 10 10 10 10 10 10 
This Tile 15 9
11 11 10 10 10 10 10 10 10 10 11 11 10 10 10 10 10 10 10 10 11 11 10 10 10 10 10 10 10 10 11 11 10 10 10 10 10 10 10 10 
This Tile 15 10
11 11 10 10 10 10 10 10 10 10 11 11 10 10 10 10 10 10 10 10 11 11 10 10 10 10 10 10 10 10 11 11 10 10 10 10 10 10 10 10 
This Tile 15 11
11 11 10 10 10 10 10 10 10 10 11 11 10 10 10 10 10 10 10 10 11 11 10 10 10 10 10 10 10 10 11 11 10 10 10 10 10 10 10 10 
This Tile 15 12
11 11 10 10 10 10 10 10 10 10 11 11 10 10 10 10 10 10 10 10 11 11 10 10 10 10 10 10 10 10 11 11 10 10 10 10 10 10 10 10 
This Tile 15 13
11 11 10 10 10 10 10 10 10 10 11 11 10 10 10 10 10 10 10 10 11 11 10 10 10 10 10 10 10 10 11 11 10 10 10 10 10 10 10 10 
This Tile 15 14
11 11 10 10 10 10 10 10 10 10 11 11 10 10 10 10 10 10 10 10 11 11 10 10 10 10 10 10 10 10 11 11 10 10 10 10 10 10 10 10 
This Tile 15 15
11 11 10 10 10 10 10 10 10 10 11 11 10 10 10 10 10 10 10 10 11 11 10 10 10 10 10 10 10 10 11 11 10 10 10 10 10 10 10 10 
This Tile 15 16
11 11 10 10 10 10 10 10 10 10 11 11 10 10 10 10 10 10 10 10 11 11 10 10 10 10 10 10 10 10 11 11 10 10 10 10 10 10 10 10 
This Tile 15 17
11 11 10 10 10 10 10 10 10 10 11 11 10 10 10 10 10 10 10 10 11 11 10 10 10 10 10 10 10 10 11 11 10 10 10 10 10 10 10 10 
This Tile 15 18
11 11 10 10 10 10 10 10 10 10 11 11 10 10 10 10 10 10 10 10 11 11 10 10 10 10 10 10 10 10 11 11 10 10 10 10 10 10 10 10 
This Tile 15 19
11 11 10 10 10 10 10 10 10 10 11 11 10 10 10 10 10 10 10 10 11 11 10 10 10 10 10 10 10 10 11 11 10 10 10 10 10 10 10 10 
This Tile 15 20
11 11 10 10 10 10 10 10 10 10 11 11 10 10 10 10 10 10 10 10 11 11 10 10 10 10 10 10 10 10 11 11 10 10 10 10 10 10 10 10 
This Tile 15 21
11 11 10 10 10 10 10 10 10 10 11 11 10 10 10 10 10 10 10 10 11 11 10 10 10 10 10 10 10 10 11 11 10 10 10 10 10 10 10 10 
This Tile 15 22
11 11 10 10 10 10 10 10 10 10 11 11 10 10 10 10 10 10 10 10 11 11 10 10 10 10 10 10 10 10 11 11 10 10 10 10 10 10 10 10 
This Tile 15 23
11 11 10 10 10 10 10 10 10 10 11 11 10 10 10 10 10 10 10 10 11 11 10 10 10 10 10 10 10 10 11 11 10 10 10 10 10 10 10 10 
This Tile 15 24
11 11 10 10 10 10 10 10 10 10 11 11 10 10 10 10 10 10 10 10 11 11 10 10 10 10 10 10 10 10 11 11 10 10 10 10 10 10 10 10 
This Tile 16 2
11 11 10 10 10 10 10 10 10 10 11 11 10 10 10 10 10 10 10 10 11 11 10 10 10 10 10 10 10 10 11 11 10 10 10 10 10 10 10 10 
This Tile 16 3
11 11 10 10 10 10 10 10 10 10 11 11 10 10 10 10 10 10 10 10 11 11 10 10 10 10 10 10 10 10 11 11 10 10 10 10 10 10 10 10 
This Tile 16 4
11 11 10 10 10 10 10 10 10 10 11 11 10 10 10 10 10 10 10 10 11 11 10 10 10 10 10 10 10 10 11 11 10 10 10 10 10 10 10 10 
This Tile 16 5
11 11 10 10 10 10 10 10 10 10 11 11 10 10 10 10 10 10 10 10 11 11 10 10 10 10 10 10 10 10 11 11 10 10 10 10 10 10 10 10 
This Tile 16 6
11 11 10 10 10 10 10 10 10 10 11 11 10 10 10 10 10 10 10 10 11 11 10 10 10 10 10 10 10 10 11 11 10 10 10 10 10 10 10 10 
This Tile 16 7
11 11 10 10 10 10 10 10 10 10 11 11 10 10 10 10 10 10 10 10 11 11 10 10 10 10 10 10 10 10 11 11 10 10 10 10 10 10 10 10 
This Tile 16 8
11 11 10 10 10 10 10 10 10 10 11 11 10 10 10 10 10 10 10 10 11 11 10 10 10 10 10 10 10 10 11 11 10 10 10 10 10 10 10 10 
This Tile 16 9
11 11 10 10 10 10 10 10 10 10 11 11 10 10 10 10 10 10 10 10 11 11 10 10 10 10 10 10 10 10 11 11 10 10 10 10 10 10 10 10 
This Tile 16 10
11 11 10 10 10 10 10 10 10 10 11 11 10 10 10 10 10 10 10 10 11 11 10 10 10 10 10 10 10 10 11 11 10 10 10 10 10 10 10 10 
This Tile 16 11
11 11 10 10 10 10 10 10 10 10 11 11 10 10 10 10 10 10 10 10 11 11 10 10 10 10 10 10 10 10 11 11 10 10 10 10 10 10 10 10 
This Tile 16 12
11 11 10 10 10 10 10 10 10 10 11 11 10 10 10 10 10 10 10 10 11 11 10 10 10 10 10 10 10 10 11 11 10 10 10 10 10 10 10 10 
This Tile 16 13
11 11 10 10 10 10 10 10 10 10 11 11 10 10 10 10 10 10 10 10 11 11 10 10 10 10 10 10 10 10 11 11 10 10 10 10 10 10 10 10 
This Tile 16 14
11 11 10 10 10 10 10 10 10 10 11 11 10 10 10 10 10 10 10 10 11 11 10 10 10 10 10 10 10 10 11 11 10 10 10 10 10 10 10 10 
This Tile 16 15
11 11 10 10 10 10 10 10 10 10 11 11 10 10 10 10 10 10 10 10 11 11 10 10 10 10 10 10 10 10 11 11 10 10 10 10 10 10 10 10 
This Tile 16 16
11 11 10 10 10 10 10 10 10 10 11 11 10 10 10 10 10 10 10 10 11 11 10 10 10 10 10 10 10 10 11 11 10 10 10 10 10 10 10 10 
This Tile 16 17
11 11 10 10 10 10 10 10 10 10 11 11 10 10 10 10 10 10 10 10 11 11 10 10 10 10 10 10 10 10 11 11 10 10 10 10 10 10 10 10 
This Tile 16 18
11 11 10 10 10 10 10 10 10 10 11 11 10 10 10 10 10 10 10 10 11 11 10 10 10 10 10 10 10 10 11 11 10 10 10 10 10 10 10 10 
This Tile 16 19
11 11 10 10 10 10 10 10 10 10 11 11 10 10 10 10 10 10 10 10 11 11 10 10 10 10 10 10 10 10 11 11 10 10 10 10 10 10 10 10 
This Tile 16 20
11 11 10 10 10 10 10 10 10 10 11 11 10 10 10 10 10 10 10 10 11 11 10 10 10 10 10 10 10 10 11 11 10 10 10 10 10 10 10 10 
This Tile 16 21
11 11 10 10 10 10 10 10 10 10 11 11 10 10 10 10 10 10 10 10 11 11 10 10 10 10 10 10 10 10 11 11 10 10 10 10 10 10 10 10 
This Tile 16 22
11 11 10 10 10 10 10 10 10 10 11 11 10 10 10 10 10 10 10 10 11 11 10 10 10 10 10 10 10 10 11 11 10 10 10 10 10 10 10 10 
This Tile 16 23
11 11 10 10 10 10 10 10 10 10 11 11 10 10 10 10 10 10 10 10 11 11 10 10 10 10 10 10 10 10 11 11 10 10 10 10 10 10 10 10 
This Tile 16 24
11 11 10 10 10 10 10 10 10 10 11 11 10 10 10 10 10 10 10 10 11 11 10 10 10 10 10 10 10 10 11 11 10 10 10 10 10 10 10 10 
This Tile 17 2
11 11 10 10 10 10 10 10 10 10 11 11 10 10 10 10 10 10 10 10 11 11 10 10 10 10 10 10 10 10 11 11 10 10 10 10 10 10 10 10 
This Tile 17 3
11 11 10 10 10 10 10 10 10 10 11 11 10 10 10 10 10 10 10 10 11 11 10 10 10 10 10 10 10 10 11 11 10 10 10 10 10 10 10 10 
This Tile 17 4
11 11 10 10 10 10 10 10 10 10 11 11 10 10 10 10 10 10 10 10 11 11 10 10 10 10 10 10 10 10 11 11 10 10 10 10 10 10 10 10 
This Tile 17 5
11 11 10 10 10 10 10 10 10 10 11 11 10 10 10 10 10 10 10 10 11 11 10 10 10 10 10 10 10 10 11 11 10 10 10 10 10 10 10 10 
This Tile 17 6
11 11 10 10 10 10 10 10 10 10 11 11 10 10 10 10 10 10 10 10 11 11 10 10 10 10 10 10 10 10 11 11 10 10 10 10 10 10 10 10 
This Tile 17 7
11 11 10 10 10 10 10 10 10 10 11 11 10 10 10 10 10 10 10 10 11 11 10 10 10 10 10 10 10 10 11 11 10 10 10 10 10 10 10 10 
This Tile 17 8
11 11 10 10 10 10 10 10 10 10 11 11 10 10 10 10 10 10 10 10 11 11 10 10 10 10 10 10 10 10 11 11 10 10 10 10 10 10 10 10 
This Tile 17 9
11 11 10 10 10 10 10 10 10 10 11 11 10 10 10 10 10 10 10 10 11 11 10 10 10 10 10 10 10 10 11 11 10 10 10 10 10 10 10 10 
This Tile 17 10
11 11 10 10 10 10 10 10 10 10 11 11 10 10 10 10 10 10 10 10 11 11 10 10 10 10 10 10 10 10 11 11 10 10 10 10 10 10 10 10 
This Tile 17 11
11 11 10 10 10 10 10 10 10 10 11 11 10 10 10 10 10 10 10 10 11 11 10 10 10 10 10 10 10 10 11 11 10 10 10 10 10 10 10 10 
This Tile 17 12
11 11 10 10 10 10 10 10 10 10 11 11 10 10 10 10 10 10 10 10 11 11 10 10 10 10 10 10 10 10 11 11 10 10 10 10 10 10 10 10 
This Tile 17 13
11 11 10 10 10 10 10 10 10 10 11 11 10 10 10 10 10 10 10 10 11 11 10 10 10 10 10 10 10 10 11 11 10 10 10 10 10 10 10 10 
This Tile 17 14
11 11 10 10 10 10 10 10 10 10 11 11 10 10 10 10 10 10 10 10 11 11 10 10 10 10 10 10 10 10 11 11 10 10 10 10 10 10 10 10 
This Tile 17 15
11 11 10 10 10 10 10 10 10 10 11 11 10 10 10 10 10 10 10 10 11 11 10 10 10 10 10 10 10 10 11 11 10 10 10 10 10 10 10 10 
This Tile 17 16
11 11 10 10 10 10 10 10 10 10 11 11 10 10 10 10 10 10 10 10 11 11 10 10 10 10 10 10 10 10 11 11 10 10 10 10 10 10 10 10 
This Tile 17 17
11 11 10 10 10 10 10 10 10 10 11 11 10 10 10 10 10 10 10 10 11 11 10 10 10 10 10 10 10 10 11 11 10 10 10 10 10 10 10 10 
This Tile 17 18
11 11 10 10 10 10 10 10 10 10 11 11 10 10 10 10 10 10 10 10 11 11 10 10 10 10 10 10 10 10 11 11 10 10 10 10 10 10 10 10 
This Tile 17 19
11 11 10 10 10 10 10 10 10 10 11 11 10 10 10 10 10 10 10 10 11 11 10 10 10 10 10 10 10 10 11 11 10 10 10 10 10 10 10 10 
This Tile 17 20
11 11 10 10 10 10 10 10 10 10 11 11 10 10 10 10 10 10 10 10 11 11 10 10 10 10 10 10 10 10 11 11 10 10 10 10 10 10 10 10 
This Tile 17 21
11 11 10 10 10 10 10 10 10 10 11 11 10 10 10 10 10 10 10 10 11 11 10 10 10 10 10 10 10 10 11 11 10 10 10 10 10 10 10 10 
This Tile 17 22
11 11 10 10 10 10 10 10 10 10 11 11 10 10 10 10 10 10 10 10 11 11 10 10 10 10 10 10 10 10 11 11 10 10 10 10 10 10 10 10 
This Tile 17 23
11 11 10 10 10 10 10 10 10 10 11 11 10 10 10 10 10 10 10 10 11 11 10 10 10 10 10 10 10 10 11 11 10 10 10 10 10 10 10 10 
This Tile 17 24
11 11 10 10 10 10 10 10 10 10 11 11 10 10 10 10 10 10 10 10 11 11 10 10 10 10 10 10 10 10 11 11 10 10 10 10 10 10 10 10 
This Tile 18 2
11 11 10 10 10 10 10 10 10 10 11 11 10 10 10 10 10 10 10 10 11 11 10 10 10 10 10 10 10 10 11 11 10 10 10 10 10 10 10 10 
This Tile 18 3
11 11 10 10 10 10 10 10 10 10 11 11 10 10 10 10 10 10 10 10 11 11 10 10 10 10 10 10 10 10 11 11 10 10 10 10 10 10 10 10 
This Tile 18 4
11 11 10 10 10 10 10 10 10 10 11 11 10 10 10 10 10 10 10 10 11 11 10 10 10 10 10 10 10 10 11 11 10 10 10 10 10 10 10 10 
This Tile 18 5
11 11 10 10 10 10 10 10 10 10 11 11 10 10 10 10 10 10 10 10 11 11 10 10 10 10 10 10 10 10 11 11 10 10 10 10 10 10 10 10 
This Tile 18 6
11 11 10 10 10 10 10 10 10 10 11 11 10 10 10 10 10 10 10 10 11 11 10 10 10 10 10 10 10 10 11 11 10 10 10 10 10 10 10 10 
This Tile 18 7
11 11 10 10 10 10 10 10 10 10 11 11 10 10 10 10 10 10 10 10 11 11 10 10 10 10 10 10 10 10 11 11 10 10 10 10 10 10 10 10 
This Tile 18 8
11 11 10 10 10 10 10 10 10 10 11 11 10 10 10 10 10 10 10 10 11 11 10 10 10 10 10 10 10 10 11 11 10 10 10 10 10 10 10 10 
This Tile 18 9
11 11 10 10 10 10 10 10 10 10 11 11 10 10 10 10 10 10 10 10 11 11 10 10 10 10 10 10 10 10 11 11 10 10 10 10 10 10 10 10 
This Tile 18 10
11 11 10 10 10 10 10 10 10 10 11 11 10 10 10 10 10 10 10 10 11 11 10 10 10 10 10 10 10 10 11 11 10 10 10 10 10 10 10 10 
This Tile 18 11
11 11 10 10 10 10 10 10 10 10 11 11 10 10 10 10 10 10 10 10 11 11 10 10 10 10 10 10 10 10 11 11 10 10 10 10 10 10 10 10 
This Tile 18 12
11 11 10 10 10 10 10 10 10 10 11 11 10 10 10 10 10 10 10 10 11 11 10 10 10 10 10 10 10 10 11 11 10 10 10 10 10 10 10 10 
This Tile 18 13
11 11 10 10 10 10 10 10 10 10 11 11 10 10 10 10 10 10 10 10 11 11 10 10 10 10 10 10 10 10 11 11 10 10 10 10 10 10 10 10 
This Tile 18 14
11 11 10 10 10 10 10 10 10 10 11 11 10 10 10 10 10 10 10 10 11 11 10 10 10 10 10 10 10 10 11 11 10 10 10 10 10 10 10 10 
This Tile 18 15
11 11 10 10 10 10 10 10 10 10 11 11 10 10 10 10 10 10 10 10 11 11 10 10 10 10 10 10 10 10 11 11 10 10 10 10 10 10 10 10 
This Tile 18 16
11 11 10 10 10 10 10 10 10 10 11 11 10 10 10 10 10 10 10 10 11 11 10 10 10 10 10 10 10 10 11 11 10 10 10 10 10 10 10 10 
This Tile 18 17
11 11 10 10 10 10 10 10 10 10 11 11 10 10 10 10 10 10 10 10 11 11 10 10 10 10 10 10 10 10 11 11 10 10 10 10 10 10 10 10 
This Tile 18 18
11 11 10 10 10 10 10 10 10 10 11 11 10 10 10 10 10 10 10 10 11 11 10 10 10 10 10 10 10 10 11 11 10 10 10 10 10 10 10 10 
This Tile 18 19
11 11 10 10 10 10 10 10 10 10 11 11 10 10 10 10 10 10 10 10 11 11 10 10 10 10 10 10 10 10 11 11 10 10 10 10 10 10 10 10 
This Tile 18 20
11 11 10 10 10 10 10 10 10 10 11 11 10 10 10 10 10 10 10 10 11 11 10 10 10 10 10 10 10 10 11 11 10 10 10 10 10 10 10 10 
This Tile 18 21
11 11 10 10 10 10 10 10 10 10 11 11 10 10 10 10 10 10 10 10 11 11 10 10 10 10 10 10 10 10 11 11 10 10 10 10 10 10 10 10 
This Tile 18 22
11 11 10 10 10 10 10 10 10 10 11 11 10 10 10 10 10 10 10 10 11 11 10 10 10 10 10 10 10 10 11 11 10 10 10 10 10 10 10 10 
This Tile 18 23
11 11 10 10 10 10 10 10 10 10 11 11 10 10 10 10 10 10 10 10 11 11 10 10 10 10 10 10 10 10 11 11 10 10 10 10 10 10 10 10 
This Tile 18 24
11 11 10 10 10 10 10 10 10 10 11 11 10 10 10 10 10 10 10 10 11 11 10 10 10 10 10 10 10 10 11 11 10 10 10 10 10 10 10 10 
This Tile 19 2
11 11 10 10 10 10 10 10 10 10 11 11 10 10 10 10 10 10 10 10 11 11 10 10 10 10 10 10 10 10 11 11 10 10 10 10 10 10 10 10 
This Tile 19 3
11 11 10 10 10 10 10 10 10 10 11 11 10 10 10 10 10 10 10 10 11 11 10 10 10 10 10 10 10 10 11 11 10 10 10 10 10 10 10 10 
This Tile 19 4
11 11 10 10 10 10 10 10 10 10 11 11 10 10 10 10 10 10 10 10 11 11 10 10 10 10 10 10 10 10 11 11 10 10 10 10 10 10 10 10 
This Tile 19 5
11 11 10 10 10 10 10 10 10 10 11 11 10 10 10 10 10 10 10 10 11 11 10 10 10 10 10 10 10 10 11 11 10 10 10 10 10 10 10 10 
This Tile 19 6
11 11 10 10 10 10 10 10 10 10 11 11 10 10 10 10 10 10 10 10 11 11 10 10 10 10 10 10 10 10 11 11 10 10 10 10 10 10 10 10 
This Tile 19 7
11 11 10 10 10 10 10 10 10 10 11 11 10 10 10 10 10 10 10 10 11 11 10 10 10 10 10 10 10 10 11 11 10 10 10 10 10 10 10 10 
This Tile 19 8
11 11 10 10 10 10 10 10 10 10 11 11 10 10 10 10 10 10 10 10 11 11 10 10 10 10 10 10 10 10 11 11 10 10 10 10 10 10 10 10 
This Tile 19 9
11 11 10 10 10 10 10 10 10 10 11 11 10 10 10 10 10 10 10 10 11 11 10 10 10 10 10 10 10 10 11 11 10 10 10 10 10 10 10 10 
This Tile 19 10
11 11 10 10 10 10 10 10 10 10 11 11 10 10 10 10 10 10 10 10 11 11 10 10 10 10 10 10 10 10 11 11 10 10 10 10 10 10 10 10 
This Tile 19 11
11 11 10 10 10 10 10 10 10 10 11 11 10 10 10 10 10 10 10 10 11 11 10 10 10 10 10 10 10 10 11 11 10 10 10 10 10 10 10 10 
This Tile 19 12
11 11 10 10 10 10 10 10 10 10 11 11 10 10 10 10 10 10 10 10 11 11 10 10 10 10 10 10 10 10 11 11 10 10 10 10 10 10 10 10 
This Tile 19 13
11 11 10 10 10 10 10 10 10 10 11 11 10 10 10 10 10 10 10 10 11 11 10 10 10 10 10 10 10 10 11 11 10 10 10 10 10 10 10 10 
This Tile 19 14
11 11 10 10 10 10 10 10 10 10 11 11 10 10 10 10 10 10 10 10 11 11 10 10 10 10 10 10 10 10 11 11 10 10 10 10 10 10 10 10 
This Tile 19 15
11 11 10 10 10 10 10 10 10 10 11 11 10 10 10 10 10 10 10 10 11 11 10 10 10 10 10 10 10 10 11 11 10 10 10 10 10 10 10 10 
This Tile 19 16
11 11 10 10 10 10 10 10 10 10 11 11 10 10 10 10 10 10 10 10 11 11 10 10 10 10 10 10 10 10 11 11 10 10 10 10 10 10 10 10 
This Tile 19 17
11 11 10 10 10 10 10 10 10 10 11 11 10 10 10 10 10 10 10 10 11 11 10 10 10 10 10 10 10 10 11 11 10 10 10 10 10 10 10 10 
This Tile 19 18
11 11 10 10 10 10 10 10 10 10 11 11 10 10 10 10 10 10 10 10 11 11 10 10 10 10 10 10 10 10 11 11 10 10 10 10 10 10 10 10 
This Tile 19 19
11 11 10 10 10 10 10 10 10 10 11 11 10 10 10 10 10 10 10 10 11 11 10 10 10 10 10 10 10 10 11 11 10 10 10 10 10 10 10 10 
This Tile 19 20
11 11 10 10 10 10 10 10 10 10 11 11 10 10 10 10 10 10 10 10 11 11 10 10 10 10 10 10 10 10 11 11 10 10 10 10 10 10 10 10 
This Tile 19 21
11 11 10 10 10 10 10 10 10 10 11 11 10 10 10 10 10 10 10 10 11 11 10 10 10 10 10 10 10 10 11 11 10 10 10 10 10 10 10 10 
This Tile 19 22
11 11 10 10 10 10 10 10 10 10 11 11 10 10 10 10 10 10 10 10 11 11 10 10 10 10 10 10 10 10 11 11 10 10 10 10 10 10 10 10 
This Tile 19 23
11 11 10 10 10 10 10 10 10 10 11 11 10 10 10 10 10 10 10 10 11 11 10 10 10 10 10 10 10 10 11 11 10 10 10 10 10 10 10 10 
This Tile 19 24
11 11 10 10 10 10 10 10 10 10 11 11 10 10 10 10 10 10 10 10 11 11 10 10 10 10 10 10 10 10 11 11 10 10 10 10 10 10 10 10 
This Tile 20 2
11 11 10 10 10 10 10 10 10 10 11 11 10 10 10 10 10 10 10 10 11 11 10 10 10 10 10 10 10 10 11 11 10 10 10 10 10 10 10 10 
This Tile 20 3
11 11 10 10 10 10 10 10 10 10 11 11 10 10 10 10 10 10 10 10 11 11 10 10 10 10 10 10 10 10 11 11 10 10 10 10 10 10 10 10 
This Tile 20 4
11 11 10 10 10 10 10 10 10 10 11 11 10 10 10 10 10 10 10 10 11 11 10 10 10 10 10 10 10 10 11 11 10 10 10 10 10 10 10 10 
This Tile 20 5
11 11 10 10 10 10 10 10 10 10 11 11 10 10 10 10 10 10 10 10 11 11 10 10 10 10 10 10 10 10 11 11 10 10 10 10 10 10 10 10 
This Tile 20 6
11 11 10 10 10 10 10 10 10 10 11 11 10 10 10 10 10 10 10 10 11 11 10 10 10 10 10 10 10 10 11 11 10 10 10 10 10 10 10 10 
This Tile 20 7
11 11 10 10 10 10 10 10 10 10 11 11 10 10 10 10 10 10 10 10 11 11 10 10 10 10 10 10 10 10 11 11 10 10 10 10 10 10 10 10 
This Tile 20 8
11 11 10 10 10 10 10 10 10 10 11 11 10 10 10 10 10 10 10 10 11 11 10 10 10 10 10 10 10 10 11 11 10 10 10 10 10 10 10 10 
This Tile 20 9
11 11 10 10 10 10 10 10 10 10 11 11 10 10 10 10 10 10 10 10 11 11 10 10 10 10 10 10 10 10 11 11 10 10 10 10 10 10 10 10 
This Tile 20 10
11 11 10 10 10 10 10 10 10 10 11 11 10 10 10 10 10 10 10 10 11 11 10 10 10 10 10 10 10 10 11 11 10 10 10 10 10 10 10 10 
This Tile 20 11
11 11 10 10 10 10 10 10 10 10 11 11 10 10 10 10 10 10 10 10 11 11 10 10 10 10 10 10 10 10 11 11 10 10 10 10 10 10 10 10 
This Tile 20 12
11 11 10 10 10 10 10 10 10 10 11 11 10 10 10 10 10 10 10 10 11 11 10 10 10 10 10 10 10 10 11 11 10 10 10 10 10 10 10 10 
This Tile 20 13
11 11 10 10 10 10 10 10 10 10 11 11 10 10 10 10 10 10 10 10 11 11 10 10 10 10 10 10 10 10 11 11 10 10 10 10 10 10 10 10 
This Tile 20 14
11 11 10 10 10 10 10 10 10 10 11 11 10 10 10 10 10 10 10 10 11 11 10 10 10 10 10 10 10 10 11 11 10 10 10 10 10 10 10 10 
This Tile 20 15
11 11 10 10 10 10 10 10 10 10 11 11 10 10 10 10 10 10 10 10 11 11 10 10 10 10 10 10 10 10 11 11 10 10 10 10 10 10 10 10 
This Tile 20 16
11 11 10 10 10 10 10 10 10 10 11 11 10 10 10 10 10 10 10 10 11 11 10 10 10 10 10 10 10 10 11 11 10 10 10 10 10 10 10 10 
This Tile 20 17
11 11 10 10 10 10 10 10 10 10 11 11 10 10 10 10 10 10 10 10 11 11 10 10 10 10 10 10 10 10 11 11 10 10 10 10 10 10 10 10 
This Tile 20 18
11 11 10 10 10 10 10 10 10 10 11 11 10 10 10 10 10 10 10 10 11 11 10 10 10 10 10 10 10 10 11 11 10 10 10 10 10 10 10 10 
This Tile 20 19
11 11 10 10 10 10 10 10 10 10 11 11 10 10 10 10 10 10 10 10 11 11 10 10 10 10 10 10 10 10 11 11 10 10 10 10 10 10 10 10 
This Tile 20 20
11 11 10 10 10 10 10 10 10 10 11 11 10 10 10 10 10 10 10 10 11 11 10 10 10 10 10 10 10 10 11 11 10 10 10 10 10 10 10 10 
This Tile 20 21
11 11 10 10 10 10 10 10 10 10 11 11 10 10 10 10 10 10 10 10 11 11 10 10 10 10 10 10 10 10 11 11 10 10 10 10 10 10 10 10 
This Tile 20 22
11 11 10 10 10 10 10 10 10 10 11 11 10 10 10 10 10 10 10 10 11 11 10 10 10 10 10 10 10 10 11 11 10 10 10 10 10 10 10 10 
This Tile 20 23
11 11 10 10 10 10 10 10 10 10 11 11 10 10 10 10 10 10 10 10 11 11 10 10 10 10 10 10 10 10 11 11 10 10 10 10 10 10 10 10 
This Tile 20 24
11 11 10 10 10 10 10 10 10 10 11 11 10 10 10 10 10 10 10 10 11 11 10 10 10 10 10 10 10 10 11 11 10 10 10 10 10 10 10 10 
This Tile 21 2
11 11 10 10 10 10 10 10 10 10 11 11 10 10 10 10 10 10 10 10 11 11 10 10 10 10 10 10 10 10 11 11 10 10 10 10 10 10 10 10 
This Tile 21 3
11 11 10 10 10 10 10 10 10 10 11 11 10 10 10 10 10 10 10 10 11 11 10 10 10 10 10 10 10 10 11 11 10 10 10 10 10 10 10 10 
This Tile 21 4
11 11 10 10 10 10 10 10 10 10 11 11 10 10 10 10 10 10 10 10 11 11 10 10 10 10 10 10 10 10 11 11 10 10 10 10 10 10 10 10 
This Tile 21 5
11 11 10 10 10 10 10 10 10 10 11 11 10 10 10 10 10 10 10 10 11 11 10 10 10 10 10 10 10 10 11 11 10 10 10 10 10 10 10 10 
This Tile 21 6
11 11 10 10 10 10 10 10 10 10 11 11 10 10 10 10 10 10 10 10 11 11 10 10 10 10 10 10 10 10 11 11 10 10 10 10 10 10 10 10 
This Tile 21 7
11 11 10 10 10 10 10 10 10 10 11 11 10 10 10 10 10 10 10 10 11 11 10 10 10 10 10 10 10 10 11 11 10 10 10 10 10 10 10 10 
This Tile 21 8
11 11 10 10 10 10 10 10 10 10 11 11 10 10 10 10 10 10 10 10 11 11 10 10 10 10 10 10 10 10 11 11 10 10 10 10 10 10 10 10 
This Tile 21 9
11 11 10 10 10 10 10 10 10 10 11 11 10 10 10 10 10 10 10 10 11 11 10 10 10 10 10 10 10 10 11 11 10 10 10 10 10 10 10 10 
This Tile 21 10
11 11 10 10 10 10 10 10 10 10 11 11 10 10 10 10 10 10 10 10 11 11 10 10 10 10 10 10 10 10 11 11 10 10 10 10 10 10 10 10 
This Tile 21 11
11 11 10 10 10 10 10 10 10 10 11 11 10 10 10 10 10 10 10 10 11 11 10 10 10 10 10 10 10 10 11 11 10 10 10 10 10 10 10 10 
This Tile 21 12
11 11 10 10 10 10 10 10 10 10 11 11 10 10 10 10 10 10 10 10 11 11 10 10 10 10 10 10 10 10 11 11 10 10 10 10 10 10 10 10 
This Tile 21 13
11 11 10 10 10 10 10 10 10 10 11 11 10 10 10 10 10 10 10 10 11 11 10 10 10 10 10 10 10 10 11 11 10 10 10 10 10 10 10 10 
This Tile 21 14
11 11 10 10 10 10 10 10 10 10 11 11 10 10 10 10 10 10 10 10 11 11 10 10 10 10 10 10 10 10 11 11 10 10 10 10 10 10 10 10 
This Tile 21 15
11 11 10 10 10 10 10 10 10 10 11 11 10 10 10 10 10 10 10 10 11 11 10 10 10 10 10 10 10 10 11 11 10 10 10 10 10 10 10 10 
This Tile 21 16
11 11 10 10 10 10 10 10 10 10 11 11 10 10 10 10 10 10 10 10 11 11 10 10 10 10 10 10 10 10 11 11 10 10 10 10 10 10 10 10 
This Tile 21 17
11 11 10 10 10 10 10 10 10 10 11 11 10 10 10 10 10 10 10 10 11 11 10 10 10 10 10 10 10 10 11 11 10 10 10 10 10 10 10 10 
This Tile 21 18
11 11 10 10 10 10 10 10 10 10 11 11 10 10 10 10 10 10 10 10 11 11 10 10 10 10 10 10 10 10 11 11 10 10 10 10 10 10 10 10 
This Tile 21 19
11 11 10 10 10 10 10 10 10 10 11 11 10 10 10 10 10 10 10 10 11 11 10 10 10 10 10 10 10 10 11 11 10 10 10 10 10 10 10 10 
This Tile 21 20
11 11 10 10 10 10 10 10 10 10 11 11 10 10 10 10 10 10 10 10 11 11 10 10 10 10 10 10 10 10 11 11 10 10 10 10 10 10 10 10 
This Tile 21 21
11 11 10 10 10 10 10 10 10 10 11 11 10 10 10 10 10 10 10 10 11 11 10 10 10 10 10 10 10 10 11 11 10 10 10 10 10 10 10 10 
This Tile 21 22
11 11 10 10 10 10 10 10 10 10 11 11 10 10 10 10 10 10 10 10 11 11 10 10 10 10 10 10 10 10 11 11 10 10 10 10 10 10 10 10 
This Tile 21 23
11 11 10 10 10 10 10 10 10 10 11 11 10 10 10 10 10 10 10 10 11 11 10 10 10 10 10 10 10 10 11 11 10 10 10 10 10 10 10 10 
This Tile 21 24
11 11 10 10 10 10 10 10 10 10 11 11 10 10 10 10 10 10 10 10 11 11 10 10 10 10 10 10 10 10 11 11 10 10 10 10 10 10 10 10 
This Tile 22 2
11 11 10 10 10 10 10 10 10 10 11 11 10 10 10 10 10 10 10 10 11 11 10 10 10 10 10 10 10 10 11 11 10 10 10 10 10 10 10 10 
This Tile 22 3
11 11 10 10 10 10 10 10 10 10 11 11 10 10 10 10 10 10 10 10 11 11 10 10 10 10 10 10 10 10 11 11 10 10 10 10 10 10 10 10 
This Tile 22 4
11 11 10 10 10 10 10 10 10 10 11 11 10 10 10 10 10 10 10 10 11 11 10 10 10 10 10 10 10 10 11 11 10 10 10 10 10 10 10 10 
This Tile 22 5
11 11 10 10 10 10 10 10 10 10 11 11 10 10 10 10 10 10 10 10 11 11 10 10 10 10 10 10 10 10 11 11 10 10 10 10 10 10 10 10 
This Tile 22 6
11 11 10 10 10 10 10 10 10 10 11 11 10 10 10 10 10 10 10 10 11 11 10 10 10 10 10 10 10 10 11 11 10 10 10 10 10 10 10 10 
This Tile 22 7
11 11 10 10 10 10 10 10 10 10 11 11 10 10 10 10 10 10 10 10 11 11 10 10 10 10 10 10 10 10 11 11 10 10 10 10 10 10 10 10 
This Tile 22 8
11 11 10 10 10 10 10 10 10 10 11 11 10 10 10 10 10 10 10 10 11 11 10 10 10 10 10 10 10 10 11 11 10 10 10 10 10 10 10 10 
This Tile 22 9
11 11 10 10 10 10 10 10 10 10 11 11 10 10 10 10 10 10 10 10 11 11 10 10 10 10 10 10 10 10 11 11 10 10 10 10 10 10 10 10 
This Tile 22 10
11 11 10 10 10 10 10 10 10 10 11 11 10 10 10 10 10 10 10 10 11 11 10 10 10 10 10 10 10 10 11 11 10 10 10 10 10 10 10 10 
This Tile 22 11
11 11 10 10 10 10 10 10 10 10 11 11 10 10 10 10 10 10 10 10 11 11 10 10 10 10 10 10 10 10 11 11 10 10 10 10 10 10 10 10 
This Tile 22 12
11 11 10 10 10 10 10 10 10 10 11 11 10 10 10 10 10 10 10 10 11 11 10 10 10 10 10 10 10 10 11 11 10 10 10 10 10 10 10 10 
This Tile 22 13
11 11 10 10 10 10 10 10 10 10 11 11 10 10 10 10 10 10 10 10 11 11 10 10 10 10 10 10 10 10 11 11 10 10 10 10 10 10 10 10 
This Tile 22 14
11 11 10 10 10 10 10 10 10 10 11 11 10 10 10 10 10 10 10 10 11 11 10 10 10 10 10 10 10 10 11 11 10 10 10 10 10 10 10 10 
This Tile 22 15
11 11 10 10 10 10 10 10 10 10 11 11 10 10 10 10 10 10 10 10 11 11 10 10 10 10 10 10 10 10 11 11 10 10 10 10 10 10 10 10 
This Tile 22 16
11 11 10 10 10 10 10 10 10 10 11 11 10 10 10 10 10 10 10 10 11 11 10 10 10 10 10 10 10 10 11 11 10 10 10 10 10 10 10 10 
This Tile 22 17
11 11 10 10 10 10 10 10 10 10 11 11 10 10 10 10 10 10 10 10 11 11 10 10 10 10 10 10 10 10 11 11 10 10 10 10 10 10 10 10 
This Tile 22 18
11 11 10 10 10 10 10 10 10 10 11 11 10 10 10 10 10 10 10 10 11 11 10 10 10 10 10 10 10 10 11 11 10 10 10 10 10 10 10 10 
This Tile 22 19
11 11 10 10 10 10 10 10 10 10 11 11 10 10 10 10 10 10 10 10 11 11 10 10 10 10 10 10 10 10 11 11 10 10 10 10 10 10 10 10 
This Tile 22 20
11 11 10 10 10 10 10 10 10 10 11 11 10 10 10 10 10 10 10 10 11 11 10 10 10 10 10 10 10 10 11 11 10 10 10 10 10 10 10 10 
This Tile 22 21
11 11 10 10 10 10 10 10 10 10 11 11 10 10 10 10 10 10 10 10 11 11 10 10 10 10 10 10 10 10 11 11 10 10 10 10 10 10 10 10 
This Tile 22 22
11 11 10 10 10 10 10 10 10 10 11 11 10 10 10 10 10 10 10 10 11 11 10 10 10 10 10 10 10 10 11 11 10 10 10 10 10 10 10 10 
This Tile 22 23
11 11 10 10 10 10 10 10 10 10 11 11 10 10 10 10 10 10 10 10 11 11 10 10 10 10 10 10 10 10 11 11 10 10 10 10 10 10 10 10 
This Tile 22 24
11 11 10 10 10 10 10 10 10 10 11 11 10 10 10 10 10 10 10 10 11 11 10 10 10 10 10 10 10 10 11 11 10 10 10 10 10 10 10 10 
This Tile 23 2
11 11 10 10 10 10 10 10 10 10 11 11 10 10 10 10 10 10 10 10 11 11 10 10 10 10 10 10 10 10 11 11 10 10 10 10 10 10 10 10 
This Tile 23 3
11 11 10 10 10 10 10 10 10 10 11 11 10 10 10 10 10 10 10 10 11 11 10 10 10 10 10 10 10 10 11 11 10 10 10 10 10 10 10 10 
This Tile 23 4
11 11 10 10 10 10 10 10 10 10 11 11 10 10 10 10 10 10 10 10 11 11 10 10 10 10 10 10 10 10 11 11 10 10 10 10 10 10 10 10 
This Tile 23 5
11 11 10 10 10 10 10 10 10 10 11 11 10 10 10 10 10 10 10 10 11 11 10 10 10 10 10 10 10 10 11 11 10 10 10 10 10 10 10 10 
This Tile 23 6
11 11 10 10 10 10 10 10 10 10 11 11 10 10 10 10 10 10 10 10 11 11 10 10 10 10 10 10 10 10 11 11 10 10 10 10 10 10 10 10 
This Tile 23 7
11 11 10 10 10 10 10 10 10 10 11 11 10 10 10 10 10 10 10 10 11 11 10 10 10 10 10 10 10 10 11 11 10 10 10 10 10 10 10 10 
This Tile 23 8
11 11 10 10 10 10 10 10 10 10 11 11 10 10 10 10 10 10 10 10 11 11 10 10 10 10 10 10 10 10 11 11 10 10 10 10 10 10 10 10 
This Tile 23 9
11 11 10 10 10 10 10 10 10 10 11 11 10 10 10 10 10 10 10 10 11 11 10 10 10 10 10 10 10 10 11 11 10 10 10 10 10 10 10 10 
This Tile 23 10
11 11 10 10 10 10 10 10 10 10 11 11 10 10 10 10 10 10 10 10 11 11 10 10 10 10 10 10 10 10 11 11 10 10 10 10 10 10 10 10 
This Tile 23 11
11 11 10 10 10 10 10 10 10 10 11 11 10 10 10 10 10 10 10 10 11 11 10 10 10 10 10 10 10 10 11 11 10 10 10 10 10 10 10 10 
This Tile 23 12
11 11 10 10 10 10 10 10 10 10 11 11 10 10 10 10 10 10 10 10 11 11 10 10 10 10 10 10 10 10 11 11 10 10 10 10 10 10 10 10 
This Tile 23 13
11 11 10 10 10 10 10 10 10 10 11 11 10 10 10 10 10 10 10 10 11 11 10 10 10 10 10 10 10 10 11 11 10 10 10 10 10 10 10 10 
This Tile 23 14
11 11 10 10 10 10 10 10 10 10 11 11 10 10 10 10 10 10 10 10 11 11 10 10 10 10 10 10 10 10 11 11 10 10 10 10 10 10 10 10 
This Tile 23 15
11 11 10 10 10 10 10 10 10 10 11 11 10 10 10 10 10 10 10 10 11 11 10 10 10 10 10 10 10 10 11 11 10 10 10 10 10 10 10 10 
This Tile 23 16
11 11 10 10 10 10 10 10 10 10 11 11 10 10 10 10 10 10 10 10 11 11 10 10 10 10 10 10 10 10 11 11 10 10 10 10 10 10 10 10 
This Tile 23 17
11 11 10 10 10 10 10 10 10 10 11 11 10 10 10 10 10 10 10 10 11 11 10 10 10 10 10 10 10 10 11 11 10 10 10 10 10 10 10 10 
This Tile 23 18
11 11 10 10 10 10 10 10 10 10 11 11 10 10 10 10 10 10 10 10 11 11 10 10 10 10 10 10 10 10 11 11 10 10 10 10 10 10 10 10 
This Tile 23 19
11 11 10 10 10 10 10 10 10 10 11 11 10 10 10 10 10 10 10 10 11 11 10 10 10 10 10 10 10 10 11 11 10 10 10 10 10 10 10 10 
This Tile 23 20
11 11 10 10 10 10 10 10 10 10 11 11 10 10 10 10 10 10 10 10 11 11 10 10 10 10 10 10 10 10 11 11 10 10 10 10 10 10 10 10 
This Tile 23 21
11 11 10 10 10 10 10 10 10 10 11 11 10 10 10 10 10 10 10 10 11 11 10 10 10 10 10 10 10 10 11 11 10 10 10 10 10 10 10 10 
This Tile 23 22
11 11 10 10 10 10 10 10 10 10 11 11 10 10 10 10 10 10 10 10 11 11 10 10 10 10 10 10 10 10 11 11 10 10 10 10 10 10 10 10 
This Tile 23 23
11 11 10 10 10 10 10 10 10 10 11 11 10 10 10 10 10 10 10 10 11 11 10 10 10 10 10 10 10 10 11 11 10 10 10 10 10 10 10 10 
This Tile 23 24
11 11 10 10 10 10 10 10 10 10 11 11 10 10 10 10 10 10 10 10 11 11 10 10 10 10 10 10 10 10 11 11 10 10 10 10 10 10 10 10 
This Tile 24 2
11 11 10 10 10 10 10 10 10 10 11 11 10 10 10 10 10 10 10 10 11 11 10 10 10 10 10 10 10 10 11 11 10 10 10 10 10 10 10 10 
This Tile 24 3
11 11 10 10 10 10 10 10 10 10 11 11 10 10 10 10 10 10 10 10 11 11 10 10 10 10 10 10 10 10 11 11 10 10 10 10 10 10 10 10 
This Tile 24 4
11 11 10 10 10 10 10 10 10 10 11 11 10 10 10 10 10 10 10 10 11 11 10 10 10 10 10 10 10 10 11 11 10 10 10 10 10 10 10 10 
This Tile 24 5
11 11 10 10 10 10 10 10 10 10 11 11 10 10 10 10 10 10 10 10 11 11 10 10 10 10 10 10 10 10 11 11 10 10 10 10 10 10 10 10 
This Tile 24 6
11 11 10 10 10 10 10 10 10 10 11 11 10 10 10 10 10 10 10 10 11 11 10 10 10 10 10 10 10 10 11 11 10 10 10 10 10 10 10 10 
This Tile 24 7
11 11 10 10 10 10 10 10 10 10 11 11 10 10 10 10 10 10 10 10 11 11 10 10 10 10 10 10 10 10 11 11 10 10 10 10 10 10 10 10 
This Tile 24 8
11 11 10 10 10 10 10 10 10 10 11 11 10 10 10 10 10 10 10 10 11 11 10 10 10 10 10 10 10 10 11 11 10 10 10 10 10 10 10 10 
This Tile 24 9
11 11 10 10 10 10 10 10 10 10 11 11 10 10 10 10 10 10 10 10 11 11 10 10 10 10 10 10 10 10 11 11 10 10 10 10 10 10 10 10 
This Tile 24 10
11 11 10 10 10 10 10 10 10 10 11 11 10 10 10 10 10 10 10 10 11 11 10 10 10 10 10 10 10 10 11 11 10 10 10 10 10 10 10 10 
This Tile 24 11
11 11 10 10 10 10 10 10 10 10 11 11 10 10 10 10 10 10 10 10 11 11 10 10 10 10 10 10 10 10 11 11 10 10 10 10 10 10 10 10 
This Tile 24 12
11 11 10 10 10 10 10 10 10 10 11 11 10 10 10 10 10 10 10 10 11 11 10 10 10 10 10 10 10 10 11 11 10 10 10 10 10 10 10 10 
This Tile 24 13
11 11 10 10 10 10 10 10 10 10 11 11 10 10 10 10 10 10 10 10 11 11 10 10 10 10 10 10 10 10 11 11 10 10 10 10 10 10 10 10 
This Tile 24 14
11 11 10 10 10 10 10 10 10 10 11 11 10 10 10 10 10 10 10 10 11 11 10 10 10 10 10 10 10 10 11 11 10 10 10 10 10 10 10 10 
This Tile 24 15
11 11 10 10 10 10 10 10 10 10 11 11 10 10 10 10 10 10 10 10 11 11 10 10 10 10 10 10 10 10 11 11 10 10 10 10 10 10 10 10 
This Tile 24 16
11 11 10 10 10 10 10 10 10 10 11 11 10 10 10 10 10 10 10 10 11 11 10 10 10 10 10 10 10 10 11 11 10 10 10 10 10 10 10 10 
This Tile 24 17
11 11 10 10 10 10 10 10 10 10 11 11 10 10 10 10 10 10 10 10 11 11 10 10 10 10 10 10 10 10 11 11 10 10 10 10 10 10 10 10 
This Tile 24 18
11 11 10 10 10 10 10 10 10 10 11 11 10 10 10 10 10 10 10 10 11 11 10 10 10 10 10 10 10 10 11 11 10 10 10 10 10 10 10 10 
This Tile 24 19
11 11 10 10 10 10 10 10 10 10 11 11 10 10 10 10 10 10 10 10 11 11 10 10 10 10 10 10 10 10 11 11 10 10 10 10 10 10 10 10 
This Tile 24 20
11 11 10 10 10 10 10 10 10 10 11 11 10 10 10 10 10 10 10 10 11 11 10 10 10 10 10 10 10 10 11 11 10 10 10 10 10 10 10 10 
This Tile 24 21
11 11 10 10 10 10 10 10 10 10 11 11 10 10 10 10 10 10 10 10 11 11 10 10 10 10 10 10 10 10 11 11 10 10 10 10 10 10 10 10 
This Tile 24 22
11 11 10 10 10 10 10 10 10 10 11 11 10 10 10 10 10 10 10 10 11 11 10 10 10 10 10 10 10 10 11 11 10 10 10 10 10 10 10 10 
This Tile 24 23
11 11 10 10 10 10 10 10 10 10 11 11 10 10 10 10 10 10 10 10 11 11 10 10 10 10 10 10 10 10 11 11 10 10 10 10 10 10 10 10 
This Tile 24 24
11 11 10 10 10 10 10 10 10 10 11 11 10 10 10 10 10 10 10 10 11 11 10 10 10 10 10 10 10 10 11 11 10 10 10 10 10 10 10 10 
